#Theta	1.570796327 0 1.570796327 0 1.570796327 0 0 1.570796327 -1.570796327
#d	0 0 0 0 0 0 0 0 0
#a	0 0 0 0 0 0 0 0 0
#Robot_alpha	1.570796327 0 1.570796327 0 1.570796327 0 0 0 0
#JointType	F P R P R P R F F
#Mass	0 0 0 0 0 0 250 0 0
#r	0 0 0 0 0 0 0 0 0 0 0 0 0 0 0 0 0 0 -4.93 256.74 -315.88 0 0 0 0 0 0
#STL_Pose	1.570796327 0 1.570796327 0 1.570796327 0 0 1.570796327 -1.570796327
#STL_Position	0 0 0
#Rotor_inertia	0 0 0 0 0 0 0 0 0
#MaxTorque	1000000 1000000 1000000 1000000 1000000 1000000 1000000 1000000 1000000
#Control_Kj	1 1 1 1 1 1 1 1 1

#I1	0 0 0 0 0 0 0 0 0
#I2	0 0 0 0 0 0 0 0 0
#I3	0 0 0 0 0 0 0 0 0
#I4	0 0 0 0 0 0 0 0 0
#I5	0 0 0 0 0 0 0 0 0
#I6	0 0 0 0 0 0 0 0 0
#I7	127508225.92962 3370633.96841 -126512.41276 3370633.96841 70764887.96840 9826265.74214 -126512.41276 9826265.74214 103374858.80530
#I8	0 0 0 0 0 0 0 0 0
#I9	0 0 0 0 0 0 0 0 0