#Theta	1.570796327 0 1.570796327 0 1.570796327 0 0 1.570796327 -1.570796327
#d	0 0 0 0 0 0 0 0 199
#a	0 0 0 0 0 0 0 -537.5 285
#Robot_alpha	1.570796327 0 1.570796327 0 1.570796327 0 0 0 0
#JointType	F P R P R F R F F
#Mass	0 0 0 0 0 0 900 0 0
#r	0 0 0 0 0 0 0 0 0 0 0 0 0 0 0 0 0 0 -279.4 397.41 -32.62 0 0 0 0 0 0
#STL_Pose	1.570796327 0 1.570796327 0 1.570796327 0 0 1.570796327 -1.570796327
#STL_Position	0 0 0
#Rotor_inertia	0 0 0 0 0 0 0 0 0
#MaxTorque	1000000 1000000 1000000 1000000 1000000 1000000 1000000 1000000 1000000
#Control_Kj	1 1 1 1 1 1 1 1 1

#I1	0 0 0 0 0 0 0 0 0
#I2	0 0 0 0 0 0 0 0 0
#I3	0 0 0 0 0 0 0 0 0
#I4	0 0 0 0 0 0 0 0 0
#I5	0 0 0 0 0 0 0 0 0
#I6	0 0 0 0 0 0 0 0 0
#I7	232204695.67792 -2874375.71270 2467534.76325 -2874375.71270 287561440.51226 -7548326.85420 2467534.76325 -7548326.85420 316120942.36488
#I8	0 0 0 0 0 0 0 0 0
#I9	0 0 0 0 0 0 0 0 0