#Theta	1.570796327 0 1.570796327 0 1.570796327 0 0 1.570796327 -1.570796327
#d	0 0 0 0 0 0 0 0 0
#a	0 0 0 0 0 0 0 0 0
#Robot_alpha	1.570796327 0 1.570796327 0 1.570796327 0 0 0 0
#JointType	F P R P R F R F F
#Mass	0 0 0 0 0 0 59.55 0 0
#r	0 0 0 0 0 0 0 0 0 0 0 0 0 0 0 0 0 0 150 0 91 0 0 0 0 0 0
#STL_Pose	1.570796327 0 1.570796327 0 1.570796327 0 0 1.570796327 -1.570796327
#STL_Position	-200 0 150
#Rotor_inertia	0 0 0 0 0 0 0 0 0
#MaxTorque	1000000 1000000 1000000 1000000 1000000 1000000 1000000 1000000 1000000
#Control_Kj	1 1 1 1 1 1 1 1 1

#I1	0 0 0 0 0 0 0 0 0
#I2	0 0 0 0 0 0 0 0 0
#I3	0 0 0 0 0 0 0 0 0
#I4	0 0 0 0 0 0 0 0 0
#I5	0 0 0 0 0 0 0 0 0
#I6	0 0 0 0 0 0 0 0 0
#I7	4296251.00 38689.34 85188.90 38689.34 4567107.26 77121.10 85188.90 77121.10 3607641.30
#I8	0 0 0 0 0 0 0 0 0
#I9	0 0 0 0 0 0 0 0 0