#Theta	1.570796327 0 1.570796327 0 1.570796327 0 0 1.570796327 -1.570796327
#d	0 0 0 0 0 0 0 0 0
#a	0 0 0 0 0 0 0 0 0
#Robot_alpha	1.570796327 0 1.570796327 0 1.570796327 0 0 0 0
#JointType	F P R P R P R F F
#Mass	0 0 0 0 0 0 75 0 0
#r	0 0 0 0 0 0 0 0 0 0 0 0 0 0 0 0 0 0 0 0 478 0 0 0 0 0 0
#STL_Pose	1.570796327 0 1.570796327 0 1.570796327 0 0 1.570796327 -1.570796327
#STL_Position	0 0 0
#Rotor_inertia	0 0 0 0 0 0 0 0 0
#MaxTorque	1000000 1000000 1000000 1000000 1000000 1000000 1000000 1000000 1000000
#Control_Kj	1 1 1 1 1 1 1 1 1

#I1	0 0 0 0 0 0 0 0 0
#I2	0 0 0 0 0 0 0 0 0
#I3	0 0 0 0 0 0 0 0 0
#I4	0 0 0 0 0 0 0 0 0
#I5	0 0 0 0 0 0 0 0 0
#I6	0 0 0 0 0 0 0 0 0
#I7	7924843749.99375 0 0 0 7924843749.99375 0 0 0 2633437500.00000
#I8	0 0 0 0 0 0 0 0 0
#I9	0 0 0 0 0 0 0 0 0