#Theta	1.570796327 0 1.570796327 0 1.570796327 0 0 1.570796327 -1.570796327
#d	0 0 0 0 0 0 0 0 0
#a	0 0 0 0 0 0 0 0 0
#Robot_alpha	1.570796327 0 1.570796327 0 1.570796327 0 0 0 0
#JointType	F P R P R P R F F
#Mass	0 0 0 0 0 0 600 0 0
#r	0 0 0 0 0 0 0 0 0 0 0 0 0 0 0 0 0 0 274.24 -201.37 -361.66 0 0 0 0 0 0
#STL_Pose	1.570796327 0 1.570796327 0 1.570796327 0 0 1.570796327 -1.570796327
#STL_Position	0 0 0
#Rotor_inertia	0 0 0 0 0 0 0 0 0
#MaxTorque	1000000 1000000 1000000 1000000 1000000 1000000 1000000 1000000 1000000
#Control_Kj	1 1 1 1 1 1 1 1 1

#I1	0 0 0 0 0 0 0 0 0
#I2	0 0 0 0 0 0 0 0 0
#I3	0 0 0 0 0 0 0 0 0
#I4	0 0 0 0 0 0 0 0 0
#I5	0 0 0 0 0 0 0 0 0
#I6	0 0 0 0 0 0 0 0 0
#I7	48890119.66737 296245.10803 -410420.72345 296245.10803 64043298.28887 -401375.27327 -410420.72345 -401375.27327 64774050.71326
#I8	0 0 0 0 0 0 0 0 0
#I9	0 0 0 0 0 0 0 0 0