#a	0 560 0 0 0 0
#d	195 46 0 516 0 124
#Robot_alpha	-1.570796327 0 1.570796327 -1.570796327 1.570796327 0
#Theta	0 -1.570796327 1.570796327 0 0 0
#JointType	R R R R R R
#Mass	7.98 11.22 2.95 3.35 2.21 0.71
#r	0 13 31 -357 0 130 0 31 3 0 136 86 0 14 3 0 0 -55
#STL_Pose	0 -1.570796327 1.570796327 0 0 0
#Rotor_inertia	1161000 1161000 1161000 191600 191600 191600
#MaxTorque	280000 280000 280000 55000 55000 55000
#Control_Kj	600 600 600 600 600 600

#I1	42000 -43.68 -9.078 -43.68 39000 3000 -9.078 3000 28000
#I2	37000 -11000 -5000 -11000 671000 -32.65 -5000 -32.65 667000
#I3	9000 9.759 10.9 9.759 5000 206.4 10.9 206.4 8000
#I4	117000 20.33 -16.32 20.33 13000 28000 -16.32 28000 108000
#I5	6000 5.29 10.51 5.29 4000 64.71 10.51 64.71 4000
#I6	1000 0.006724 2.203 0.006724 1000 -2.104 2.203 -2.104 632.7