#a	100 600 105 0 0 0
#d	310 0 0 591 0 233.5
#Robot_alpha	1.570796327 0 1.5707963 -1.570796327 1.570796327 0
#Theta	3.141592653589793 1.570796327 0 0 0 1.570796327 
#JointType	R R R R R R
#Mass	12.639 6.801 9.16 3.425 5.723 0.341
#r	-19.892 -6.576 -86.577 -343.846 -0.056 -204.703 -64.81 -37.261 27.554 0.034 282.015 83.444 -0.076 50.674 53.389 -0.218 0.367 -24.29
#STL_Pose	3.141592653589793 1.570796327 1.570796327 0 0 0
#Rotor_inertia	1788762.84674131 1788762.84674131 1788762.84674131 261920.654591629 261920.654591629 261920.654591629
#MaxTorque	398000 398000 398000 74000 74000 74000
#Control_Kj	600 600 600 600 600 600

#I1	85603 9039.62 -8957.31 9039.62 111047.79 -2459.99 -8957.31 -2459.99 85399.18
#I2	18023.02 1.61 29595.05 1.61 369004.84 0.51 29595.05 0.51 365639.87
#I3	38856.89 5123.97 8108 5123.97 52006.76 1688.97 8108 1688.97 49368.45
#I4	93469.74 1.85 -0.96 1.85 17066.03 -26527.07 -0.96 -26527.07 79404.79
#I5	33998.03 0 0.08 0 23281.26 -6896.5 0.08 -6896.5 17853.36
#I6	270.34 0 0 0 280.16 2.93 0 2.93 389.66