#a	0 -425 -338.5 0 0 0
#d	149 0 0 170.5 151.5 132.5
#Robot_alpha	1.570796327 0 0 1.570796327 -1.570796327 0
#Theta	0 0 0 0 0 0
#JointType	R R R R R R
#Mass	4.4 14.6 2.8 1.7 1.7 0.3
#r	0 -63.5 4.4 309.9 0 91.5 102.5 0 45.6 0 -4.4 43 0 4.4 43 0.4 -0.5 -17.4
#STL_Pose	0 -1.570796327 0 -1.570796327 0 0
#Rotor_inertia	615410 615410 615410 217250 217250 217250
#MaxTorque	162000 162000 162000 62000 62000 62000
#Control_Kj	400 400 400 400 400 400

#I1	33573.83 0.00 -0.01 0.00 9530.39 -52.60 -0.01 -52.60 31798.61
#I2	157088.52 -3.75 413995.56 -3.75 2021002.80 -1.85 413995.56 -1.85 1883772.74
#I3	9701.88 0.09 11532.34 0.09 94359.53 0.00 11532.34 0.00 87565.10
#I4	6499.21 0.00 -0.01 0.00 6002.85 -4.82 -0.01 -4.82 1986.30
#I5	6499.21 0.00 -0.01 0.00 6002.85 -4.82 -0.01 -4.82 1986.30
#I6	258.84 -0.06 -2.09 -0.06 262.67 3.65 -2.09 3.65 261.97