#a	0 411 0 0 0 0
#d	135 6.25 0 368 0 121
#Robot_alpha	-1.570796327 0 1.570796327 -1.570796327 1.570796327 0
#Theta	0 -1.570796327 1.570796327 0 0 0
#JointType	R R R R R R
#Mass	4.9 7.81 3.52 3.48 2.74 1.16
#r	0 5 38 -207 0 157.75 0 44.75 8 0 113 93.75 0 33.75 -2 0 -0.25 -54
#STL_Pose	0 -1.570796327 1.570796327 0 0 0
#Rotor_inertia	684580 648580 648580 137570 137570 137570
#MaxTorque	178000 178000 178000 40000 40000 40000
#Control_Kj	600 600 600 600 600 600

#I1	20000 -20.9 -16 -20.9 19000 723 -16 723 12000
#I2	22000 -202 -594 -202 294000 -13.5 -594 -13.5 293000
#I3	12000 -8.11 -3.91 -8.11 7000 1000 -3.91 1000 11000
#I4	77000 -12.5 10.9 -12.5 22000 29000 10.9 29000 60000
#I5	9000 -3.18 -14.3 -3.18 5000 -443 -14.3 -443 8000
#I6	1000 -2.24 1.27 -2.24 1000 -0.179 1.27 2.58 1000