#a	0 845 0 0 0 0
#d	152.5 34.5 0 734 0 121
#Robot_alpha	-1.570796327 0 1.570796327 -1.570796327 1.570796327 0
#Theta	0 -1.570796327 1.570796327 0 0 0
#JointType	R R R R R R
#Mass	7.63 11.26 3.6 4.19 2.74 1.16
#r	0 8.5 44 -487.5 0 155 0 45.5 7.5 0 259.5 89.5 0 33.5 -2.5 0 0.5 -53.5
#STL_Pose	0 -1.570796327 1.570796327 0 0 0
#Rotor_inertia	1583100 1583100 1583100 137570 137570 137570
#MaxTorque	361000 361000 361000 40000 40000 40000
#Control_Kj	600 600 600 600 600 600

#I1	42000 -59.3 -35.4 -59.3 41000 2000 -35.4 2000 26000
#I2	36000 -513 -10000 -513 1620000 36.6 -10000 36.6 1620000
#I3	13000 -8.62 -3.62 -8.62 8000 1000 -3.62 1000 12000
#I4	349000 -53.1 22.6 -53.1 25000 77000 22.6 77000 329000
#I5	9000 -10.7 -15.3 -10.7 5000 421 -15.3 421 8000
#I6	1000 -2.24 1.28 -2.24 1000 -0.179 1.28 -0.179 1000