#a	0 620 0 0 0 0
#d	152.5 34.5 0 559 0 121
#Robot_alpha	-1.570796326794897 0 1.570796326794897 -1.570796326794897 1.570796326794897 0
#Theta	0 -1.570796326794897 1.570796326794897 0 0 0
#JointType	R R R R R R
#Mass	7.63 10.54 3.6 3.72 2.74 1.16
#r	0 8.5 44 -360.5 0 155.5 0 45.5 7.5 0 187.5 88.5 0 33.5 -2.5 0 0.5 -53.5
#STL_Pose	0 -1.570796327 1.570796327 0 0 0
#Rotor_inertia	1401200 1401200 1401200 137570 137570 137570
#MaxTorque	327000 327000 327000 40000 40000 40000
#Control_Kj	600 600 600 600 600 600

#I1	42000 -59.3 -35.4 -59.3 41000 2000 -35.4 2000 26000
#I2	34000 -375 -7000 -375 846000 36.7 -7000 36.7 845000
#I3	13000 -8.62 -3.62 -8.62 8000 1000 -3.62 1000 12000
#I4	186000 -45.2 24 -45.2 23000 53000 24 53000 168000
#I5	9000 -10.7 -15.3 -10.7 5000 -421 -15.3 -421 8000
#I6	1000 -2.24 1.27 -2.24 1000 -0.179 1.27 -0.179 1000