#a	0 411 0 0 0 0
#d	152.5 34.5 0 368 0 121
#Robot_alpha	-1.570796327 0 1.570796327 -1.570796327 1.570796327 0
#Theta	0 -1.570796327 1.570796327 0 0 0
#JointType	R R R R R R
#Mass	7.63 9.77 3.6 3.48 2.74 1.16
#r	0 8.5 44 -240.5 0 155.5 0 45.5 8.5 0 113.5 94.5 0 33.5 -2.5 0 0.5 -53.5
#STL_Pose	0 -1.570796327 1.570796327 0 0 0
#Rotor_inertia	1111600 1111600 1111600 137570 137570 137570
#MaxTorque	270000 270000 270000 40000 40000 40000
#Control_Kj	600 600 600 600 600 600

#I1	42000 -59.3 -35.4 -59.3 41000 2000 -35.4 2000 26000
#I2	33000 -247 -5000 -247 366000 37 -5000 37 364000
#I3	13000 -8.65 -3.64 -8.65 8000 -1000 -3.64 -1000 12000
#I4	77000 -12.5 10.9 -12.5 22000 29000 10.9 29000 60000
#I5	9000 -317 -14.3 -317 5000 -443 -14.3 -443 8000
#I6	1000 -2.24 1.28 -2.24 1000 -0.179 1.28 -0.179 1000