#a	0 636.1 557.9 0 0 0
#d	165.2 -50.3 0 -106 106 113.15
#Robot_alpha	1.570796327 0 0 1.570796327 1.570796327 0
#Theta	0 1.570796327 0 1.570796327 0 0
#JointType	R R R R R R
#Mass	7.9 14.3 3.4 1.7 1.7 0.6
#r	0 -41.5 -1.499999991 -403.0202798 0 -97.79930075 -175.7647059 0 -13.34705903 0 1.199999755 23.39999997 0 -1.200000027 23.40000025 0 42.49999999 -16.24999976
#STL_Pose	3.141592653589793 1.570796327 0 1.570796327 0 0
#Rotor_inertia	1539698 1539698 594102 187948 187948 187948
#MaxTorque	353000 353000 157000 54000 54000 54000
#Control_Kj	600 600 600 600 600 600


#I1	34899.25 -0.16 -0.61 -0.16 25837.34 -703.57 -0.61 -703.57 34008.03
#I2	39337.09 1.76 -6250.09 1.76 873357.26 0.04 -6250.09 0.04 865313.38
#I3	3634.37 0.77 2522.85 0.77 139620.86 0.17 2522.85 0.17 139266.43
#I4	2745.73 0.25 0.36 0.25 2640.51 -15.25 0.36 -15.25 1869.03
#I5	2745.73 0.25 -0.36 0.25 2640.51 15.25 -0.36 15.25 1869.03
#I6	1499.91 -3.74 0.73 -3.74 723.03 297.72 0.73 297.72 1236.53