#a	0 429 411.5 0 0 0
#d	145.2 -16.3 0 -106 106 113.15
#Robot_alpha	1.570796327 0 0 1.570796327 1.570796327 0
#Theta	0 1.570796327 0 1.570796327 0 0
#JointType	R R R R R R
#Mass	4.1 9.4 2.8 1.7 1.7 0.6
#r	0 -32.2 -2.189999993 -214.4956383 0 -102.3695745 -113.5364286 0 -16.20642872 0 1.159999828 23.38999997 0 -1.16000002 23.39000017 0 42.50999999 -16.26999984
#STL_Pose	3.141592653589793 1.570796327 0 1.570796327 0 0
#Rotor_inertia	594102 594102 594102 148268 148268 148268
#MaxTorque	157000 157000 157000 43000 43000 43000
#Control_Kj	400 400 400 400 400 400


#I1	12266.24 0.05 -0.07 0.05 8233.27 -73.71 -0.07 -73.71 11774.52
#I2	21468.54 -0.28 -0.01 -0.28 302346.39 0 -0.01 0 729202.37
#I3	3128.32 0.66 2058.43 0.66 72148.82 0.18 2058.43 0.18 71769.13
#I4	2745.72 0.26 0.35 0.26 2640.52 -15.24 0.35 -15.24 1869.02
#I5	2745.72 0.26 -0.35 0.26 2640.52 15.24 -0.35 15.24 1869.02
#I6	1499.9 -3.75 0.73 -3.75 723.03 297.72 0.73 297.72 1236.5