#a	0 329 311.5 0 0 0
#d	145.2 -16.3 0 -106 106 113.15
#Robot_alpha	1.570796327 0 0 1.570796327 1.570796327 0
#Theta	0 1.570796327 0 1.570796327 0 0
#JointType	R R R R R R
#Mass	4.1 9 2.6 1.7 1.7 0.6
#r	0 -31.3000000004492 -2.18999999358026 -164.495444468534 0 -101.154888922629 -80.1469230838458 0 -17.4530770380072 0 1.15999986863126 23.3899999749159 0 -1.16000002028682 23.3900001316067 0 42.5099999947864 -16.2699998773502
#STL_Pose	3.141592653589793 1.570796327 0 1.570796327 0 0
#Rotor_inertia	594102 594102 594102 148268 148268 148268
#MaxTorque	157000 157000 157000 43000 43000 43000
#Control_Kj	400 400 400 400 400 400


#I1	11618.75 0.5 18.44 0.5 8322.57 57.73 18.44 57.73 11136.84
#I2	20524.42 -41.24 0.03 -41.24 189355.58 0 0.03 0 184286.62
#I3	2970.74 0.45 2216.37 0.45 42282.05 0.04 2216.37 0.04 41946.06
#I4	2573.31 0.01 0 0.01 2461.02 -29.82 0 -29.82 1889.08
#I5	2573.31 0.01 0 0.01 2461.02 -29.82 0 -29.82 1889.08
#I6	1499.85 -3.84 0.72 -3.84 722.97 297.69 0.72 297.69 1236.57