#a	0 -612.7 -571.55 0 0 0
#d	180.7 0 0 174.15 119.85 116.55
#Robot_alpha	1.570796327 0 0 1.570796327 -1.570796327 0
#Theta	0 0 0 0 0 0
#JointType	R R R R R R
#Mass	7.369 13.051 3.989 2.1 1.98 0.615
#r	0 -25.61 1.93 212.5 0 113.36 150 0 26.5 0 -1.8 16.34 0 1.8 16.34 0 0 -1.159
#STL_Pose	0 -1.570796327 0 -1.570796327 0 0
#Rotor_inertia	1417000 1417000 564500 195200 195200 195200
#MaxTorque	330000 330000 150000 56000 56000 56000
#Control_Kj	600 600 600 600 600 600

#I1	13343.86486 0 0 0 12746.37838 0 0 0 13343.86486
#I2	23169.29584 0 0 0 554197.1166 0 0 0 552486.6317
#I3	4280.042918 0 5820.858369 0 94332.14592 0 5820.858369 0 93476.13734
#I4	2067.268253 0 0 0 2067.268253 0 0 0 1550.451189
#I5	1949.138638 0 0 0 1949.138638 0 0 0 1461.853979
#I6	327.3017563 0 0 0 327.3017563 0 0 0 327.3017563