#a	0 -478.4 -360 0 0 0
#d	180.7 0 0 174.15 119.85 116.55
#Robot_alpha	1.570796327 0 0 1.570796327 -1.570796327 0
#Theta	0 0 0 0 0 0
#JointType	R R R R R R
#Mass	7.369 10.45 4.321 2.18 2.033 0.907
#r	0 16 30 302 0 160 194 0 65 0 -9 11 0 18 12 0 0 -44
#STL_Pose	0 -1.570796327 0 -1.570796327 0 0
#Rotor_inertia	1417000 1417000 564500 195200 195200 195200
#MaxTorque	330000 330000 150000 56000 56000 56000
#Control_Kj	600 600 600 600 600 600

#I1	13343.86486 0 0 0 12746.37838 0 0 0 13343.86486
#I2	18551.76933 0 0 0 443748.3617 0 0 0 442378.768 
#I3	4636.266094 0 6305.321888 0 102183.3047 0 6305.321888 0 101256.0515
#I4	2146.021329 0 0 0 2146.021329 0 0 0 1609.515997
#I5	2001.312551 0 0 0 2001.312551 0 0 0 1500.984413
#I6	482.7035657 0 0 0 482.7035657 0 0 0 482.7035657