#a	0 -243.65 -213.25 0 0 0
#d	151.9 0 0 112.35 85.35 81.9
#Robot_alpha	1.570796327 0 0 1.570796327 -1.570796327 0
#Theta	0 0 0 0 0 0
#JointType	R R R R R R
#Mass	2 3.42 1.26 0.8 0.8 0.35
#r	0 -20 0 130 0 115.7 50 0 23.8 0 0 10 0 0 10 0 0 -20
#STL_Pose	0 -1.570796327 0 -1.570796327 0 0
#Rotor_inertia	195240 195240 95310 40280 40280 40280
#MaxTorque	56000 56000 28000 12000 12000 12000
#Control_Kj	200 200 200 200 200 200

#I1	3621.62 0 0 0 3459.46 0 0 0 3621.62
#I2	6071.49 0 0 0 145227 0 0 0 144779
#I3	1351.93 0 1838.63 0 29796.6 0 1838.63 0 29526.2
#I4	787.531 0 0 0 787.531 0 0 0 590.648
#I5	787.531 0 0 0 787.531 0 0 0 590.648
#I6	186.269 0 0 0 186.269 0 0 0 186.269