#a	0 -243 -213.2 0 0 0
#d	151.85 0 0 131.05 85.35 92.1
#Robot_alpha	1.570796327 0 0 1.570796327 -1.570796327 0
#Theta	0 0 0 0 0 0
#JointType	R R R R R R
#Mass	1.98 3.445 1.437 0.871 0.805 0.261
#r	0 -20 0 130 0 115.7 50 0 23.8 0 0 10 0 0 10 0 0 -20
#STL_Pose	0 -1.570796327 0 -1.570796327 0 0
#Rotor_inertia	195240 195240 95310 40280 40280 40280
#MaxTorque	56000 56000 28000 12000 12000 12000
#Control_Kj	200 200 200 200 200 200

#I1	3350 0 0 0 3200 0 0 0 3350
#I2	7450 0 0 0 178200 0 0 0 177650
#I3	1250 0 1700 0 27550 0 1700 0 27300
#I4	600 0 0 0 600 0 0 0 450
#I5	600 0 0 0 600 0 0 0 900
#I6	1200 0 0 0 1200 0 0 0 1200