#a	0 -425 -392.2 0 0 0
#d	162.5 0 0 133.3 99.7 99.6
#Robot_alpha	1.570796327 0 0 1.570796327 -1.570796327 0
#Theta	0 0 0 0 0 0
#JointType	R R R R R R
#Mass	3.761 8.058 2.846 1.37 1.3 0.365
#r	0 -25.61 1.93 212.5 0 113.36 150 0 26.5 0 -1.8 16.34 0 1.8 16.34 0 0 -1.159
#STL_Pose	0 -1.570796327 0 -1.570796327 0 0
#Rotor_inertia	564520 564520 564520 95310 95310 95310
#MaxTorque	150000 150000 150000 28000 28000 28000
#Control_Kj	300 300 300 300 300 300

#I1	6810.459459 0 0 0 6505.513514 0 0 0 6810.459459
#I2	14305.27821 0 0 0 342174.574 0 0 0 341118.4797
#I3	3053.648069 0 4152.961373 0 67302.40343 0 4152.961373 0 66691.67382
#I4	1348.646432 0 0 0 1348.646432 0 0 0 1011.484824
#I5	1279.73749 0 0 0 1279.73749 0 0 0 959.8031173
#I6	194.2522618 0 0 0 194.2522618 0 0 0 194.2522618