#a	0 674 0 0 0 0
#d	279.4 0 -384.69 366.36 197.93 165.68
#Robot_alpha	1.570796327 0 -1.570796327 -1.0472 1.0472 0
#Theta	0 0 -3.141592653589793 -1.570796327 0 1.570796327
#JointType	R R R R R R
#Mass	10.84 13.58 5.34 3.59 2.70 1.09
#r	0.076 -47.081 -60.261 -0.384 -375.113 -174.545 -0.011 -79.154 31.768 -2.165 84.792 -21.082 1.807 -34.304 5.256 0.132 -0.095 -53.903
#STL_Pose	0 1.570796326794897 3.141592653589793 -1.570796326794897 0 0
#Rotor_inertia	2163500 2163500 2163500 445040 445040 445040
#MaxTorque	462000 462000 462000 121000 121000 121000
#Control_Kj	600 600 600 600 600 600

#I1	86929 -6 81 -6 54368 -29490 81 -29490 72590
#I2	1260928 1912 415 912 53503 -7854 415 -7854 1248924
#I3	35623 -12 -13 -12 24035 12885 -13 12885 25300
#I4	48464 -604 571 -604 25316 -21721 571 -21721 27926
#I5	10998 -141 -194 -141 8520 3689 -194 3689 5741
#I6	1195 0 2 0 1188 -1 2 -1 1020