0.000000	0.319136	0.094291	-1.439640	-0.237733	-1.604869	-0.093996	0.000000	0.000000	0.000000	0.000000	0.000000	0.000000
0.100000	0.319136	0.094291	-1.439640	-0.237733	-1.604869	-0.093996	0.000000	0.000000	0.000000	0.000000	0.000000	0.000000
0.200000	0.319136	0.094291	-1.439640	-0.237733	-1.604869	-0.093996	0.000000	0.000000	0.000000	0.000000	0.000000	0.000000
0.300000	0.319136	0.094291	-1.439640	-0.237733	-1.604869	-0.093996	0.000000	0.000000	0.000000	0.000000	0.000000	0.000000
0.400000	0.319136	0.094291	-1.439640	-0.237733	-1.604869	-0.093996	0.000000	0.000000	0.000000	0.000000	0.000000	0.000000
0.500000	0.319136	0.094291	-1.439640	-0.237733	-1.604869	-0.093996	0.000000	0.000000	0.000000	0.000000	0.000000	0.000000
0.600000	0.319136	0.094291	-1.439640	-0.237733	-1.604869	-0.093996	0.000000	0.000000	0.000000	0.000000	0.000000	0.000000
0.700000	0.319136	0.094291	-1.439640	-0.237733	-1.604869	-0.093996	0.000000	0.000000	0.000000	0.000000	0.000000	0.000000
0.800000	0.319136	0.094291	-1.439640	-0.237733	-1.604869	-0.093996	0.000000	0.000000	0.000000	0.000000	0.000000	0.000000
0.900000	0.319136	0.094291	-1.439640	-0.237733	-1.604869	-0.093996	0.000000	0.000000	0.000000	0.000000	0.000000	0.000000
1.000000	0.319136	0.094291	-1.439640	-0.237733	-1.604869	-0.093996	0.000000	0.000000	0.000000	0.000000	0.000000	0.000000
1.100000	0.319136	0.094291	-1.439640	-0.237733	-1.604869	-0.093996	0.000000	0.000000	0.000000	0.000000	0.000000	0.000000
1.200000	0.319136	0.094285	-1.439640	-0.237733	-1.604869	-0.093996	0.000000	0.000000	0.000000	0.000000	0.000000	0.000000
1.300000	0.319136	0.094285	-1.439640	-0.237733	-1.604869	-0.093996	0.000000	0.000000	0.000000	0.000000	0.000000	0.000000
1.400000	0.319136	0.094285	-1.439640	-0.237733	-1.604869	-0.093996	0.000000	0.000000	0.000000	0.000000	0.000000	0.000000
1.500000	0.319136	0.094285	-1.439640	-0.237733	-1.604869	-0.093996	0.000000	0.000000	0.000000	0.000000	0.000000	0.000000
1.600000	0.319136	0.094285	-1.439640	-0.237733	-1.604869	-0.093996	0.000000	0.000000	0.000000	0.000000	0.000000	0.000000
1.700000	0.319136	0.094285	-1.439640	-0.237733	-1.604869	-0.093996	0.000000	0.000000	0.000000	0.000000	0.000000	0.000000
1.800000	0.319136	0.094285	-1.439640	-0.237733	-1.604869	-0.093996	0.000000	0.000000	0.000000	0.000000	0.000000	0.000000
1.900000	0.319136	0.094285	-1.439640	-0.237733	-1.604869	-0.093996	0.000000	0.000000	0.000000	0.000000	0.000000	0.000000
2.000000	0.319136	0.094285	-1.439640	-0.237733	-1.604869	-0.093996	0.000000	0.000000	0.000000	0.000000	0.000000	0.000000
2.100000	0.319136	0.094285	-1.439640	-0.237733	-1.604869	-0.093996	0.000000	0.000000	0.000000	0.000000	0.000000	0.000000
2.200000	0.319136	0.094285	-1.439640	-0.237733	-1.604869	-0.093996	0.000000	0.000000	0.000000	0.000000	0.000000	0.000000
2.300000	0.319136	0.094285	-1.439640	-0.237733	-1.604869	-0.093996	0.000000	0.000000	0.000000	0.000000	0.000000	0.000000
2.400000	0.319136	0.094285	-1.439640	-0.237733	-1.604869	-0.093996	0.000000	0.000000	0.000000	0.000000	0.000000	0.000000
2.500000	0.319136	0.094285	-1.439640	-0.237733	-1.604869	-0.093996	0.000000	0.000000	0.000000	0.000000	0.000000	0.000000
2.600000	0.319136	0.094285	-1.439640	-0.237733	-1.604869	-0.093996	0.000000	0.000000	0.000000	0.000000	0.000000	0.000000
2.700000	0.319136	0.094291	-1.439640	-0.237733	-1.604869	-0.093996	0.000000	0.000000	0.000000	0.000000	0.000000	0.000000
2.800000	0.319136	0.094291	-1.439640	-0.237733	-1.604869	-0.093996	0.000000	0.000000	0.000000	0.000000	0.000000	0.000000
2.900000	0.319136	0.094291	-1.439640	-0.237733	-1.604869	-0.093996	0.000000	0.000000	0.000000	0.000000	0.000000	0.000000
3.000000	0.319136	0.094291	-1.439640	-0.237733	-1.604869	-0.093996	0.000000	0.000000	0.000000	0.000000	0.000000	0.000000
3.100000	0.319136	0.094291	-1.439633	-0.237733	-1.604869	-0.093996	0.000000	0.000000	0.000000	0.000000	0.000000	0.000000
3.200000	0.319136	0.094291	-1.439640	-0.237733	-1.604869	-0.093996	0.000000	0.000000	0.000000	0.000000	0.000000	0.000000
3.300000	0.319136	0.094291	-1.439640	-0.237733	-1.604869	-0.093996	0.000000	0.000000	0.000000	0.000000	0.000000	0.000000
3.400000	0.319136	0.094291	-1.439640	-0.237733	-1.604869	-0.093996	0.000000	0.000000	0.000000	0.000000	0.000000	0.000000
3.500000	0.319136	0.094291	-1.439640	-0.237733	-1.604869	-0.093996	0.000000	0.000000	0.000000	0.000000	0.000000	0.000000
3.600000	0.319136	0.094291	-1.439640	-0.237733	-1.604869	-0.093996	0.000000	0.000000	0.000000	0.000000	0.000000	0.000000
3.700000	0.319136	0.094291	-1.439633	-0.237733	-1.604869	-0.093996	0.000000	0.000000	0.000000	0.000000	0.000000	0.000000
3.800000	0.319136	0.094291	-1.439640	-0.237733	-1.604869	-0.093996	0.000000	0.000000	0.000000	0.000000	0.000000	0.000000
3.900000	0.319136	0.094291	-1.439640	-0.237733	-1.604869	-0.093996	0.000000	0.000000	0.000000	0.000000	0.000000	0.000000
4.000000	0.319136	0.094291	-1.439640	-0.237733	-1.604869	-0.093996	0.000000	0.000000	0.000000	0.000000	0.000000	0.000000
4.100000	0.319136	0.094291	-1.439633	-0.237733	-1.604869	-0.093996	0.000000	0.000000	0.000000	0.000000	0.000000	0.000000
4.200000	0.319136	0.094291	-1.439633	-0.237733	-1.604869	-0.093996	0.000000	0.000000	0.000000	0.000000	0.000000	0.000000
4.300000	0.319136	0.094291	-1.439640	-0.237733	-1.604869	-0.093996	0.000000	0.000000	0.000000	0.000000	0.000000	0.000000
4.400000	0.319136	0.094291	-1.439640	-0.237733	-1.604869	-0.093996	0.000000	0.000000	0.000000	0.000000	0.000000	0.000000
4.500000	0.319136	0.094291	-1.439640	-0.237733	-1.604869	-0.093996	0.000000	0.000000	0.000000	0.000000	0.000000	0.000000
4.600000	0.319136	0.094291	-1.439633	-0.237733	-1.604869	-0.093996	0.000000	0.000000	0.000000	0.000000	0.000000	0.000000
4.700000	0.319136	0.094291	-1.439640	-0.237733	-1.604869	-0.093996	0.000000	0.000000	0.000000	0.000000	0.000000	0.000000
4.800000	0.319136	0.094291	-1.439640	-0.237733	-1.604869	-0.093996	0.000000	0.000000	0.000000	0.000000	0.000000	0.000000
4.900000	0.319136	0.094291	-1.439633	-0.237733	-1.604869	-0.093996	0.000000	0.000000	0.000000	0.000000	0.000000	0.000000
5.000000	0.319136	0.094291	-1.439633	-0.237733	-1.604869	-0.093996	0.000000	0.000000	0.000000	0.000000	0.000000	0.000000
5.100000	0.319136	0.094291	-1.439633	-0.237733	-1.604869	-0.093996	0.000000	0.000000	0.000000	0.000000	0.000000	0.000000
5.200000	0.319136	0.094291	-1.439633	-0.237733	-1.604869	-0.093996	0.000000	0.000000	0.000000	0.000000	0.000000	0.000000
5.300000	0.319136	0.094285	-1.439633	-0.237733	-1.604869	-0.093996	0.000000	0.000000	0.000000	0.000000	0.000000	0.000000
5.400000	0.319136	0.094285	-1.439633	-0.237733	-1.604869	-0.093996	0.000000	0.000000	0.000000	0.000000	0.000000	0.000000
5.500000	0.319136	0.094285	-1.439633	-0.237733	-1.604869	-0.093996	0.000000	0.000000	0.000000	0.000000	0.000000	0.000000
5.600000	0.319136	0.094285	-1.439633	-0.237733	-1.604869	-0.093996	0.000000	0.000000	0.000000	0.000000	0.000000	0.000000
5.633333	0.319136	0.094285	-1.439633	-0.237733	-1.604869	-0.093996	0.000000	-0.000017	-0.000018	0.000000	0.000000	0.005207
5.666667	0.319136	0.094285	-1.439633	-0.237733	-1.604869	-0.093996	0.000734	0.000187	0.000231	0.000000	0.000000	0.012159
5.700000	0.319136	0.094285	-1.439633	-0.237733	-1.604869	-0.093996	0.012131	-0.000068	0.001297	0.000548	0.000000	0.015926
5.733333	0.319136	0.094285	-1.439633	-0.237733	-1.604869	-0.093996	0.029413	0.000068	0.010949	-0.001985	0.000000	0.017235
5.766667	0.319136	0.094285	-1.439633	-0.237733	-1.604869	-0.093996	0.047391	0.016356	0.020743	-0.013107	0.000000	0.017744
5.800000	0.319136	0.094285	-1.439640	-0.237733	-1.604869	-0.093996	0.059298	0.048201	0.009260	-0.034325	0.000000	0.017802
5.833333	0.319136	0.094360	-1.439552	-0.237578	-1.604869	-0.093996	0.059298	0.082965	-0.017685	-0.040108	0.004396	0.017788
5.866667	0.319136	0.094260	-1.439179	-0.238296	-1.604869	-0.093996	0.061028	0.108177	-0.043885	-0.033606	0.044216	0.017773
5.900000	0.319503	0.094310	-1.435801	-0.241447	-1.604210	-0.093773	0.061053	0.108177	-0.043885	-0.020568	0.103104	0.017759
5.933333	0.325201	0.100282	-1.432373	-0.247459	-1.598237	-0.091513	0.061078	0.111469	-0.047315	-0.020568	0.165225	0.017744
5.966667	0.333842	0.111959	-1.436392	-0.249097	-1.589403	-0.088265	0.061115	0.111570	-0.047422	-0.019062	0.206595	0.017744
6.000000	0.342832	0.124706	-1.445823	-0.247255	-1.580085	-0.084881	0.061127	0.111604	-0.047848	-0.018788	0.189465	0.017759
6.033333	0.348785	0.133950	-1.454993	-0.243561	-1.573686	-0.082506	0.061127	0.111435	-0.047742	-0.010027	0.152555	0.017541
6.066667	0.348785	0.133950	-1.454993	-0.243561	-1.573686	-0.082506	0.061127	0.111740	-0.054691	0.005236	0.067227	0.016275
6.100000	0.349650	0.135157	-1.456194	-0.242960	-1.572726	-0.082127	0.061065	0.111604	-0.064716	0.019849	0.021332	0.011432
6.133333	0.349662	0.135194	-1.456231	-0.242950	-1.572736	-0.082137	0.053164	0.095317	-0.067631	0.018651	0.006206	0.005774
6.166667	0.349675	0.135207	-1.456250	-0.242950	-1.572745	-0.082137	0.029910	0.063471	-0.038410	0.009000	-0.000194	-0.000553
6.200000	0.349693	0.135219	-1.456256	-0.242940	-1.572755	-0.082147	-0.039503	0.025806	-0.016139	0.002259	-0.000387	-0.007418
6.233333	0.349700	0.135232	-1.456268	-0.242930	-1.572774	-0.082157	-0.111716	-0.012589	-0.010913	0.008111	-0.000387	-0.016348
6.266667	0.349700	0.135232	-1.456268	-0.242930	-1.572794	-0.082166	-0.191805	-0.044367	-0.021453	0.027275	-0.000259	-0.024347
6.306451	0.349700	0.135232	-1.456268	-0.242930	-1.572794	-0.082166	-0.218842	-0.065134	-0.028429	0.065231	-0.000054	-0.025237
6.358029	0.349669	0.135232	-1.456274	-0.242921	-1.572784	-0.082157	-0.206399	-0.072159	-0.031083	0.081301	-0.000125	-0.028180
6.421795	0.345718	0.134168	-1.456977	-0.240710	-1.572784	-0.082719	-0.198586	-0.074651	-0.032260	0.094152	-0.000811	-0.028565
6.492925	0.334458	0.129334	-1.458813	-0.235222	-1.572813	-0.084338	-0.186843	-0.081695	-0.035150	0.108076	-0.001454	-0.029308
6.576847	0.305450	0.117682	-1.463590	-0.220891	-1.573026	-0.088769	-0.183327	-0.081951	-0.035412	0.111868	-0.001771	-0.027631
6.667538	0.277984	0.106652	-1.468100	-0.207306	-1.573249	-0.092929	-0.191514	-0.079546	-0.034311	0.122526	-0.002043	-0.028033
6.772421	0.246929	0.094254	-1.473071	-0.191909	-1.573453	-0.097506	-0.184306	-0.079604	-0.034323	0.110448	-0.001828	-0.026972
6.890106	0.218188	0.082845	-1.477849	-0.177587	-1.573618	-0.101869	-0.180733	-0.080104	-0.034461	0.111103	-0.001630	-0.025945
7.024399	0.189099	0.071299	-1.482514	-0.163120	-1.573773	-0.106223	-0.182615	-0.077403	-0.033088	0.101211	-0.001107	-0.024383
7.168686	0.159705	0.059578	-1.487473	-0.148479	-1.573948	-0.110605	-0.183566	-0.076267	-0.031335	0.096106	-0.001120	-0.024660
7.323848	0.150311	0.055877	-1.488941	-0.143796	-1.573996	-0.112050	-0.181519	-0.075448	-0.031700	0.089627	-0.001097	-0.023647
7.483240	0.118895	0.043391	-1.494073	-0.128214	-1.574238	-0.116714	-0.184903	-0.073812	-0.030882	0.093869	-0.001122	-0.023907
7.643267	0.089165	0.031534	-1.498956	-0.113417	-1.574481	-0.121213	-0.182679	-0.073095	-0.030670	0.089989	-0.001239	-0.023949
7.802314	0.059740	0.019826	-1.503890	-0.098824	-1.574685	-0.125635	-0.180011	-0.074047	-0.030047	0.090666	-0.001355	-0.023865
7.956344	0.030657	0.008286	-1.508493	-0.084328	-1.574840	-0.129959	-0.177044	-0.075621	-0.030733	0.101528	-0.001259	-0.023600
8.104900	-0.018159	-0.011092	-1.516649	-0.060059	-1.575111	-0.137319	-0.171160	-0.075766	-0.032715	0.103926	-0.001276	-0.023207
8.248253	-0.047622	-0.022763	-1.521308	-0.045388	-1.575276	-0.141779	-0.163867	-0.078677	-0.031869	0.102175	-0.001443	-0.022578
8.378952	-0.076754	-0.034414	-1.526211	-0.030921	-1.575470	-0.146113	-0.164758	-0.077956	-0.031460	0.103662	-0.001682	-0.023013
8.501596	-0.107623	-0.046701	-1.531287	-0.015553	-1.575722	-0.150729	-0.170486	-0.074356	-0.029700	0.097216	-0.001564	-0.022121
8.611701	-0.133054	-0.056829	-1.535461	-0.002928	-1.575916	-0.154568	-0.170887	-0.073214	-0.028971	0.092850	-0.001468	-0.022685
8.709933	-0.151468	-0.064232	-1.538503	0.006235	-1.576023	-0.157341	-0.171367	-0.071396	-0.027793	0.080906	-0.001141	-0.024682
8.790867	-0.162125	-0.068188	-1.540152	0.011558	-1.576071	-0.158864	-0.183753	-0.064895	-0.026171	0.076717	-0.000559	-0.027262
8.859238	-0.163214	-0.068686	-1.540488	0.012227	-1.576071	-0.159038	-0.189152	-0.061301	-0.024359	0.065286	-0.000378	-0.029314
8.911046	-0.163263	-0.068779	-1.540513	0.012237	-1.576071	-0.159067	-0.186810	-0.060454	-0.022952	0.043245	-0.000083	-0.039434
8.948160	-0.163301	-0.068848	-1.540494	0.012208	-1.576071	-0.159096	-0.207844	-0.054292	-0.016107	0.036944	0.000000	-0.068762
8.981493	-0.163325	-0.068860	-1.540469	0.012198	-1.576071	-0.159096	-0.173092	-0.032830	-0.010736	0.009137	0.000000	-0.126915
9.014827	-0.163338	-0.068866	-1.540457	0.012179	-1.576071	-0.159096	-0.110758	-0.012640	-0.002471	0.001095	0.000000	-0.170519
9.048160	-0.163338	-0.068866	-1.540450	0.012179	-1.576071	-0.159096	-0.058440	-0.001849	-0.000267	-0.000205	0.000000	-0.220057
9.081493	-0.163338	-0.068866	-1.540444	0.012179	-1.576071	-0.159096	-0.017991	-0.000492	0.001831	-0.002019	0.000000	-0.285958
9.114827	-0.163332	-0.068866	-1.540438	0.012179	-1.576071	-0.159096	0.005698	-0.000390	0.003608	-0.007255	0.000000	-0.332471
9.148160	-0.163332	-0.068866	-1.540438	0.012179	-1.576071	-0.159096	0.011098	-0.001035	0.008425	-0.018309	-0.000130	-0.383565
9.181493	-0.163332	-0.068866	-1.540438	0.012179	-1.576071	-0.159096	0.013574	-0.001222	0.012087	-0.040348	-0.001099	-0.470686
9.214827	-0.163301	-0.068866	-1.540357	0.011655	-1.576091	-0.162500	0.016560	-0.001408	0.016548	-0.058315	-0.002779	-0.524879
9.248160	-0.163002	-0.068866	-1.539878	0.010142	-1.576236	-0.173292	0.018862	-0.001663	0.020103	-0.077205	-0.007304	-0.597223
9.281493	-0.162274	-0.068922	-1.539244	0.007001	-1.576488	-0.195981	0.023366	-0.001900	0.023604	-0.095206	-0.010213	-0.671021
9.314827	-0.160464	-0.069227	-1.537527	0.000747	-1.577167	-0.240070	0.026788	-0.002223	0.027586	-0.113378	-0.012670	-0.707935
9.348160	-0.159276	-0.069308	-1.536226	-0.004344	-1.577603	-0.276198	0.030371	-0.003427	0.033824	-0.131173	-0.015450	-0.744805
9.381493	-0.157664	-0.069383	-1.534659	-0.009696	-1.578030	-0.314101	0.032834	-0.003868	0.038303	-0.159373	-0.014996	-0.799244
9.414827	-0.156476	-0.069476	-1.533414	-0.014797	-1.578621	-0.350394	0.035746	-0.004072	0.043582	-0.176312	-0.014093	-0.872432
9.448160	-0.155020	-0.069563	-1.532183	-0.019945	-1.579019	-0.386658	0.036505	-0.004242	0.045644	-0.181309	-0.017129	-0.926843
9.481493	-0.153894	-0.069681	-1.530783	-0.025075	-1.579484	-0.422942	0.039789	-0.004360	0.045698	-0.182301	-0.016678	-0.999448
9.514827	-0.151655	-0.070123	-1.528599	-0.033792	-1.580308	-0.484620	0.042041	-0.003648	0.043618	-0.182130	-0.017841	-1.053917
9.548160	-0.149944	-0.070285	-1.527032	-0.040618	-1.580948	-0.533033	0.043758	-0.003919	0.044524	-0.164061	-0.018294	-1.128283
9.581493	-0.148153	-0.070359	-1.524973	-0.047444	-1.581579	-0.581786	0.043534	-0.004343	0.042889	-0.169844	-0.016419	-1.174956
9.614827	-0.146915	-0.070421	-1.523791	-0.052641	-1.582034	-0.618564	0.043908	-0.004988	0.043636	-0.170221	-0.014480	-1.207637
9.648160	-0.145459	-0.070521	-1.522354	-0.057858	-1.582626	-0.655633	0.044405	-0.004920	0.045217	-0.164027	-0.013381	-1.223200
9.681493	-0.145079	-0.070565	-1.521955	-0.059603	-1.582742	-0.667724	0.044592	-0.004768	0.043103	-0.169673	-0.013445	-1.225439
9.714827	-0.143406	-0.070745	-1.520021	-0.066419	-1.583314	-0.716138	0.044281	-0.003919	0.044684	-0.163616	-0.013963	-1.224159
9.748160	-0.141981	-0.070975	-1.518789	-0.071636	-1.583877	-0.752790	0.044629	-0.003919	0.042623	-0.164403	-0.016806	-1.206153
9.781493	-0.140395	-0.071305	-1.517259	-0.078443	-1.584381	-0.801174	0.042887	-0.004225	0.041894	-0.170221	-0.017130	-1.230923
9.814827	-0.138697	-0.071367	-1.515380	-0.085240	-1.585147	-0.849597	0.042738	-0.004784	0.042960	-0.176073	-0.016936	-1.218909
9.848160	-0.137322	-0.071429	-1.514017	-0.090350	-1.585544	-0.885871	0.040872	-0.004818	0.044578	-0.176107	-0.017195	-1.223694
9.881493	-0.135462	-0.071560	-1.512220	-0.097506	-1.586262	-0.936282	0.042415	-0.004869	0.045235	-0.169844	-0.015967	-1.249554
9.914827	-0.134180	-0.071722	-1.511025	-0.102625	-1.586708	-0.972556	0.042800	-0.004513	0.042427	-0.175868	-0.015967	-1.259488
9.948160	-0.132880	-0.071908	-1.509457	-0.107745	-1.587144	-1.008858	0.045575	-0.004208	0.044845	-0.164848	-0.014932	-1.294642
9.981493	-0.131580	-0.072176	-1.508207	-0.112884	-1.587707	-1.045152	0.047603	-0.003648	0.045058	-0.173164	-0.015643	-1.339264
10.014827	-0.130211	-0.072288	-1.506751	-0.118013	-1.588085	-1.081454	0.048710	-0.003953	0.045911	-0.170940	-0.015643	-1.387726
10.048160	-0.128575	-0.072350	-1.505227	-0.124849	-1.588783	-1.130236	0.049208	-0.005514	0.048061	-0.177921	-0.014738	-1.415826
10.081493	-0.127717	-0.072400	-1.504257	-0.128582	-1.589161	-1.156775	0.049730	-0.005310	0.050728	-0.196264	-0.016484	-1.427025
10.114827	-0.125707	-0.072518	-1.502291	-0.136039	-1.589733	-1.209436	0.052542	-0.005056	0.052114	-0.199378	-0.017389	-1.509593
10.148160	-0.124059	-0.072642	-1.500661	-0.142496	-1.590441	-1.254727	0.052517	-0.004903	0.052078	-0.208413	-0.020168	-1.518640
10.181493	-0.122292	-0.072817	-1.498813	-0.149575	-1.590984	-1.305215	0.054122	-0.005260	0.056682	-0.217276	-0.021331	-1.545853
10.214827	-0.119604	-0.073451	-1.496089	-0.159911	-1.591983	-1.378713	0.056885	-0.006159	0.058833	-0.236338	-0.022560	-1.552819
10.248160	-0.117626	-0.073507	-1.494011	-0.167629	-1.592749	-1.433235	0.057967	-0.006057	0.060983	-0.237228	-0.022818	-1.601383
10.281493	-0.115791	-0.073575	-1.492207	-0.175309	-1.593389	-1.487651	0.060343	-0.006261	0.063117	-0.251327	-0.023401	-1.607346
10.314827	-0.113831	-0.073706	-1.490340	-0.183007	-1.594193	-1.542105	0.061252	-0.006362	0.065764	-0.256050	-0.024306	-1.570389
10.348160	-0.111051	-0.074104	-1.487404	-0.193538	-1.595086	-1.617086	0.062745	-0.007380	0.066280	-0.256016	-0.022689	-1.529941
10.381493	-0.109203	-0.074546	-1.485575	-0.201295	-1.595822	-1.672103	0.061351	-0.007380	0.065996	-0.264674	-0.023659	-1.477290
10.414827	-0.107119	-0.074571	-1.483385	-0.209294	-1.596618	-1.728972	0.059410	-0.005802	0.066227	-0.255742	-0.024499	-1.422778
10.448160	-0.104438	-0.074695	-1.480723	-0.219688	-1.597451	-1.801558	0.056175	-0.005802	0.061979	-0.252457	-0.025534	-1.342813
10.481493	-0.102596	-0.074851	-1.478807	-0.227319	-1.598285	-1.855983	0.050950	-0.005735	0.058744	-0.241506	-0.025469	-1.300139
10.514827	-0.100040	-0.075348	-1.476150	-0.237481	-1.599226	-1.928511	0.047031	-0.005531	0.052825	-0.223128	-0.022301	-1.203492
10.548160	-0.097949	-0.075523	-1.474253	-0.245180	-1.599856	-1.982820	0.043460	-0.004513	0.047120	-0.198043	-0.019264	-1.122058
10.581493	-0.096344	-0.075579	-1.472324	-0.251929	-1.600593	-2.030826	0.040275	-0.003291	0.037272	-0.153007	-0.016937	-1.038922
10.614827	-0.095032	-0.075635	-1.471143	-0.256903	-1.600971	-2.066179	0.035111	-0.002986	-0.003928	-0.118888	-0.012088	-0.929504
10.648160	-0.094354	-0.075678	-1.470359	-0.259453	-1.601194	-2.084379	0.031951	-0.001680	-0.115017	-0.054824	-0.006658	-0.847605
10.681493	-0.094204	-0.075734	-1.470303	-0.260287	-1.601301	-2.090352	0.029102	-0.002426	-0.241623	0.101366	-0.003038	-0.761967
10.714827	-0.094130	-0.075759	-1.470290	-0.260393	-1.601320	-2.090904	0.023901	-0.009467	-0.372423	0.287569	-0.001293	-0.679355
10.748160	-0.094111	-0.075753	-1.471752	-0.258444	-1.601330	-2.090875	0.020380	-0.030692	-0.534897	0.472608	-0.000130	-0.594939
10.783045	-0.094061	-0.075666	-1.482689	-0.247953	-1.601320	-2.090749	0.014778	-0.046042	-0.602110	0.671926	0.000618	-0.437414
10.822211	-0.093694	-0.075311	-1.519847	-0.211485	-1.601301	-2.090478	0.009689	-0.051866	-0.585234	0.716569	0.000880	-0.319705
10.860032	-0.093495	-0.075740	-1.562056	-0.168366	-1.601223	-2.090197	0.007303	-0.059604	-0.629031	0.817782	0.001481	-0.258710
10.897496	-0.093228	-0.078820	-1.605771	-0.121572	-1.601165	-2.089780	0.005391	-0.060246	-0.636386	0.861698	0.001554	-0.187498
10.934828	-0.092568	-0.086776	-1.660161	-0.059710	-1.601078	-2.089275	0.005010	-0.061960	-0.637189	0.843066	0.001386	-0.096063
10.971077	-0.092487	-0.093246	-1.691937	-0.021623	-1.601049	-2.089033	0.005171	-0.076759	-0.622097	0.803372	0.001070	-0.043333
11.004410	-0.092406	-0.097980	-1.711266	0.002502	-1.601020	-2.088859	0.005773	-0.110026	-0.587349	0.696181	0.000776	-0.011505
11.037744	-0.092307	-0.100475	-1.720106	0.014108	-1.601010	-2.088713	0.005873	-0.138886	-0.413019	0.531299	0.000453	0.002502
11.071077	-0.092257	-0.100562	-1.720622	0.014864	-1.601010	-2.088703	0.005848	-0.156124	-0.267165	0.360085	0.000323	0.004858
11.104410	-0.092201	-0.101203	-1.720100	0.014709	-1.601000	-2.088665	0.005139	-0.149728	-0.142709	0.203382	0.000518	0.004858
11.137744	-0.092002	-0.106360	-1.714588	0.014147	-1.600981	-2.088480	0.004740	-0.128045	-0.035495	0.081004	0.000840	0.004712
11.171077	-0.091548	-0.116009	-1.703807	0.013158	-1.600942	-2.088141	0.004218	-0.110400	0.045751	0.001848	0.000969	0.004480
11.204410	-0.091392	-0.126236	-1.692398	0.011926	-1.600884	-2.087899	0.002924	-0.097488	0.095981	-0.012628	0.001099	0.004189
11.237744	-0.091243	-0.132986	-1.684734	0.011170	-1.600855	-2.087705	0.002750	-0.090719	0.104743	-0.013518	0.000841	0.004654
11.271077	-0.091175	-0.133720	-1.683856	0.011044	-1.600835	-2.087656	0.002588	-0.090447	0.105384	-0.012662	0.000517	0.004480
11.304410	-0.091137	-0.133726	-1.683850	0.011025	-1.600835	-2.087647	0.002501	-0.088462	0.097278	-0.009206	0.000194	0.005512
11.337744	-0.091125	-0.133726	-1.683850	0.011015	-1.600826	-2.087647	0.003683	-0.072853	0.080819	-0.008487	0.000065	0.005949
11.371077	-0.091125	-0.133726	-1.683850	0.011015	-1.600835	-2.087647	0.004118	-0.032151	0.108138	-0.016632	0.000194	0.007330
11.404410	-0.091119	-0.133739	-1.683844	0.010753	-1.600835	-2.087598	0.005487	0.017051	0.177493	-0.084939	0.000000	0.012523
11.437744	-0.091106	-0.133726	-1.683807	0.011063	-1.600806	-2.087656	0.005288	0.061842	0.283321	-0.187914	-0.001228	0.032507
11.471077	-0.091112	-0.133639	-1.682979	0.010016	-1.600826	-2.087656	0.005773	0.101543	0.448621	-0.317855	-0.009826	0.075835
11.504901	-0.091112	-0.133073	-1.679558	0.006700	-1.601010	-2.087598	-0.000147	0.128612	0.568778	-0.497187	-0.021213	0.140167
11.546139	-0.091056	-0.127798	-1.657890	-0.012974	-1.602309	-2.087259	-0.031670	0.128227	0.566756	-0.524947	-0.030358	0.177381
11.594426	-0.090416	-0.119984	-1.625454	-0.042198	-1.604045	-2.086657	-0.051911	0.126244	0.564432	-0.544460	-0.041053	0.208303
11.650038	-0.090142	-0.110310	-1.584887	-0.079044	-1.606440	-2.086095	-0.086360	0.119553	0.564983	-0.549043	-0.043512	0.229263
11.708567	-0.089259	-0.096487	-1.526833	-0.131927	-1.609795	-2.085174	-0.126320	0.113525	0.561060	-0.585987	-0.042705	0.264783
11.769588	-0.088904	-0.085874	-1.481849	-0.172991	-1.612326	-2.084466	-0.163981	0.103821	0.560913	-0.561129	-0.042833	0.313442
11.831678	-0.088506	-0.075560	-1.438445	-0.212474	-1.614750	-2.083370	-0.217730	0.093315	0.556599	-0.503525	-0.033731	0.366999
11.891620	-0.091318	-0.066670	-1.397673	-0.248477	-1.616640	-2.077436	-0.283782	0.080244	0.542280	-0.480322	-0.022611	0.411962
11.954014	-0.110764	-0.060605	-1.353896	-0.282792	-1.617484	-2.049627	-0.315095	0.055408	0.509740	-0.365413	-0.001174	0.454379
12.014356	-0.128737	-0.060636	-1.338997	-0.291470	-1.616611	-2.024718	-0.370232	0.031669	0.464709	-0.302381	0.017569	0.516450
12.079723	-0.163164	-0.063952	-1.322343	-0.297171	-1.614352	-1.977119	-0.396663	0.002630	0.384461	-0.183274	0.030327	0.518339
12.148255	-0.202026	-0.069339	-1.309055	-0.298577	-1.611404	-1.923518	-0.418066	-0.018889	0.302340	-0.111091	0.041000	0.534043
12.226719	-0.241212	-0.074888	-1.296109	-0.299149	-1.608505	-1.869015	-0.399269	-0.036795	0.234235	-0.051131	0.041027	0.500580
12.315150	-0.293891	-0.081955	-1.278641	-0.300216	-1.604520	-1.795827	-0.384139	-0.047651	0.181914	-0.021388	0.037037	0.481370
12.413700	-0.346266	-0.089290	-1.261502	-0.301292	-1.600651	-1.723290	-0.371525	-0.053117	0.149276	-0.009978	0.033452	0.449861
12.519530	-0.386018	-0.094596	-1.248444	-0.301884	-1.597674	-1.668205	-0.368215	-0.054144	0.133644	-0.007869	0.033371	0.426905
12.630967	-0.426162	-0.100114	-1.235262	-0.302747	-1.594649	-1.612548	-0.363214	-0.053024	0.126192	-0.007319	0.031537	0.407353
12.744115	-0.479345	-0.107318	-1.217712	-0.303813	-1.590635	-1.538818	-0.354427	-0.052042	0.123748	-0.007168	0.029289	0.399884
12.853771	-0.519906	-0.113023	-1.204400	-0.304405	-1.587678	-1.482560	-0.350922	-0.053952	0.128603	-0.007553	0.028257	0.405601
12.957260	-0.559185	-0.118186	-1.191479	-0.305258	-1.584711	-1.428154	-0.347411	-0.052275	0.128021	-0.007639	0.031856	0.408084
13.054084	-0.598452	-0.123667	-1.178607	-0.305898	-1.581743	-1.373642	-0.344490	-0.050501	0.123055	-0.007199	0.031289	0.398526
13.142927	-0.637712	-0.128948	-1.165711	-0.306693	-1.578844	-1.319246	-0.340744	-0.049678	0.115964	-0.007640	0.034464	0.381903
13.226672	-0.675841	-0.134112	-1.153238	-0.307469	-1.576061	-1.266653	-0.340073	-0.046705	0.112735	-0.006634	0.031107	0.344818
13.306311	-0.717894	-0.139966	-1.139421	-0.308177	-1.572871	-1.208408	-0.342948	-0.039852	0.093060	-0.005773	0.026731	0.287341
13.388391	-0.730280	-0.141465	-1.135266	-0.308448	-1.572037	-1.191294	-0.344599	-0.025666	0.054888	-0.000959	0.018192	0.216412
13.467659	-0.740371	-0.143076	-1.132050	-0.308710	-1.571233	-1.176876	-0.350450	-0.014861	0.023544	0.015010	0.009079	0.148385
13.548333	-0.741329	-0.143145	-1.131620	-0.308729	-1.571126	-1.175450	-0.358826	0.005363	-0.034906	0.027926	0.003151	0.059584
13.629355	-0.741534	-0.143138	-1.131645	-0.308642	-1.571126	-1.175673	-0.360900	0.022672	-0.085250	0.059739	-0.002925	0.005541
13.743421	-0.747979	-0.142230	-1.135639	-0.306111	-1.571291	-1.182848	-0.258883	0.030571	-0.105877	0.060894	-0.004307	-0.050056
13.872038	-0.773460	-0.136196	-1.152846	-0.296173	-1.572474	-1.210628	-0.233434	0.038167	-0.121607	0.074839	-0.007773	-0.091084
14.012520	-0.795700	-0.131144	-1.167609	-0.287737	-1.573395	-1.234559	-0.224845	0.042270	-0.133785	0.082679	-0.010261	-0.119617
14.158294	-0.850432	-0.118908	-1.203883	-0.266744	-1.575625	-1.293764	-0.217412	0.048177	-0.149779	0.093232	-0.012697	-0.150239
14.321962	-0.896032	-0.108743	-1.233980	-0.249243	-1.577632	-1.343341	-0.212705	0.050598	-0.157303	0.095368	-0.012152	-0.164860
14.496864	-0.954130	-0.095753	-1.272488	-0.226806	-1.580018	-1.406638	-0.211813	0.052402	-0.162469	0.101432	-0.011667	-0.187040
14.685729	-0.997795	-0.085968	-1.301372	-0.210012	-1.581773	-1.454073	-0.211067	0.054457	-0.165296	0.098101	-0.010895	-0.199568
14.885498	-1.041398	-0.076145	-1.330306	-0.193198	-1.583644	-1.501516	-0.214212	0.053163	-0.161734	0.097532	-0.010355	-0.204915
15.092098	-1.088067	-0.065824	-1.361168	-0.175289	-1.585583	-1.552121	-0.219285	0.053415	-0.157895	0.094628	-0.010117	-0.207110
15.307338	-1.149643	-0.052051	-1.401947	-0.151592	-1.588153	-1.619035	-0.220614	0.050274	-0.152046	0.087134	-0.010241	-0.213609
15.519173	-1.193289	-0.042321	-1.430893	-0.134788	-1.589927	-1.666469	-0.226322	0.050957	-0.149615	0.088643	-0.009836	-0.231173
15.731387	-1.252475	-0.029096	-1.470085	-0.112011	-1.592361	-1.730824	-0.222467	0.050877	-0.153665	0.088587	-0.009595	-0.238437
15.943115	-1.296072	-0.019372	-1.498956	-0.095208	-1.594310	-1.778258	-0.226891	0.049538	-0.149733	0.088262	-0.009617	-0.235711
16.149204	-1.339277	-0.009754	-1.527542	-0.078608	-1.596016	-1.825120	-0.231761	0.050855	-0.148603	0.087190	-0.009305	-0.231532
16.354436	-1.383427	0.000124	-1.556756	-0.061581	-1.597888	-1.873078	-0.228769	0.052228	-0.153197	0.086965	-0.009890	-0.219298
16.554756	-1.427540	0.009997	-1.586031	-0.044603	-1.599749	-1.921035	-0.221541	0.050120	-0.157021	0.089023	-0.009562	-0.206791
16.739988	-1.485737	0.023011	-1.624577	-0.022204	-1.602212	-1.984294	-0.221776	0.040079	-0.149184	0.099181	-0.010178	-0.207952
16.909694	-1.514845	0.029407	-1.643887	-0.010976	-1.603424	-2.015952	-0.215622	0.018195	-0.130759	0.107247	-0.011872	-0.210580
17.062107	-1.558591	0.039142	-1.672764	0.005798	-1.605160	-2.063377	-0.218099	-0.011670	-0.100770	0.110599	-0.013006	-0.210383
17.195733	-1.616620	0.052082	-1.711166	0.028158	-1.607613	-2.126441	-0.216751	-0.051782	-0.059457	0.111780	-0.013852	-0.218932
17.316680	-1.670581	0.058390	-1.741817	0.049548	-1.609911	-2.184493	-0.212965	-0.111349	0.011438	0.099477	-0.013201	-0.217382
17.405268	-1.702053	0.039341	-1.740604	0.064917	-1.611046	-2.217101	-0.255183	-0.212733	0.118631	0.104418	-0.010702	-0.255820
17.481750	-1.707085	0.004871	-1.712367	0.070327	-1.611094	-2.220835	-0.252585	-0.319456	0.246380	0.091072	-0.003832	-0.262533
17.561077	-1.704267	-0.038937	-1.669542	0.071180	-1.610667	-2.214881	-0.204420	-0.369517	0.332367	0.038999	0.002770	-0.217957
17.648355	-1.698525	-0.085868	-1.620645	0.068863	-1.610144	-2.206368	-0.137865	-0.412043	0.434991	-0.011280	0.005333	-0.167539
17.741554	-1.691906	-0.148016	-1.552227	0.062046	-1.609552	-2.195430	-0.105989	-0.430932	0.491248	-0.060685	0.005317	-0.127800
17.846863	-1.686929	-0.197304	-1.494988	0.053785	-1.609000	-2.187276	-0.064091	-0.444260	0.535696	-0.077310	0.004460	-0.080749
17.953817	-1.682432	-0.245747	-1.436330	0.043313	-1.608621	-2.179470	-0.025213	-0.464898	0.583102	-0.110849	0.004976	-0.055755
18.060227	-1.678369	-0.293033	-1.376677	0.030757	-1.608156	-2.172217	0.010133	-0.484066	0.615784	-0.136897	0.004111	-0.040390
18.167669	-1.673200	-0.356443	-1.293415	0.010453	-1.607613	-2.163025	0.030830	-0.490131	0.646770	-0.163825	0.004171	-0.010455
18.275294	-1.670780	-0.389707	-1.248033	-0.001842	-1.607390	-2.158468	0.034963	-0.498167	0.697802	-0.190436	0.004224	0.018348
18.377779	-1.666226	-0.456240	-1.154016	-0.029554	-1.606857	-2.149722	0.034988	-0.513009	0.747442	-0.230485	0.003869	0.042892
18.476158	-1.663016	-0.507607	-1.078599	-0.053805	-1.606469	-2.143487	0.032667	-0.526911	0.789957	-0.267156	0.003701	0.051522
18.562284	-1.659831	-0.561735	-0.996383	-0.082108	-1.606178	-2.137379	0.032186	-0.559820	0.853907	-0.327073	0.004028	0.056235
18.638086	-1.657069	-0.618203	-0.907796	-0.114435	-1.605868	-2.131406	0.032078	-0.580391	0.896011	-0.347961	0.004463	0.056193
18.706635	-1.654406	-0.675635	-0.814867	-0.150127	-1.605461	-2.125927	0.030541	-0.558015	0.871198	-0.341126	0.003866	0.054918
18.804612	-1.652366	-0.726349	-0.730268	-0.183967	-1.605199	-2.121380	0.017588	-0.359293	0.517264	-0.220192	0.002177	0.030160
18.875381	-1.650643	-0.767513	-0.659946	-0.213289	-1.605063	-2.118141	0.016966	-0.407438	0.632110	-0.239384	0.001735	0.032979
18.950716	-1.650481	-0.776110	-0.644792	-0.219921	-1.605034	-2.117501	0.011814	-0.311415	0.426493	-0.155647	0.000658	0.022260
19.024876	-1.650319	-0.776975	-0.643224	-0.220687	-1.605024	-2.117424	0.005939	-0.232446	0.254460	-0.057960	0.001133	0.015186
19.090730	-1.650325	-0.777211	-0.643137	-0.220668	-1.605024	-2.117404	0.000403	-0.167053	0.087603	0.096521	0.005137	0.008039
19.139963	-1.650456	-0.776931	-0.646664	-0.216334	-1.604733	-2.117656	-0.006882	-0.095984	-0.139521	0.309827	0.018075	0.000089
19.173297	-1.651028	-0.773417	-0.659784	-0.202788	-1.603521	-2.118975	-0.020753	0.038768	-0.571370	0.669693	0.058178	-0.006690
19.206630	-1.652521	-0.765671	-0.686877	-0.174649	-1.601029	-2.121642	-0.028243	0.182439	-0.790988	0.896346	0.084939	-0.019184
19.239963	-1.655190	-0.751357	-0.740078	-0.119351	-1.596298	-2.126752	-0.032859	0.240396	-0.951454	1.055137	0.104526	-0.028100
19.273297	-1.657430	-0.739214	-0.785044	-0.072470	-1.592244	-2.130979	-0.036567	0.256378	-1.007887	1.226556	0.125599	-0.036724
19.306630	-1.659619	-0.727618	-0.828553	-0.026801	-1.588337	-2.135197	-0.036903	0.262842	-1.028860	1.258348	0.130577	-0.043851
19.339963	-1.662618	-0.712134	-0.886302	0.033530	-1.583198	-2.140782	-0.037226	0.263368	-1.002448	1.205338	0.131999	-0.048869
19.373297	-1.664914	-0.700619	-0.929240	0.078268	-1.579329	-2.144874	-0.037214	0.253765	-0.938639	1.082618	0.108469	-0.051473
19.406630	-1.667445	-0.687965	-0.976662	0.127681	-1.575121	-2.149441	-0.037425	0.232625	-0.838925	0.919960	0.087203	-0.051923
19.441934	-1.668528	-0.682970	-0.995910	0.147829	-1.573443	-2.151235	-0.033915	0.182747	-0.672806	0.665815	0.050352	-0.051456
19.475267	-1.668795	-0.680836	-1.003586	0.156003	-1.572745	-2.152010	-0.032847	0.160433	-0.546362	0.544303	0.029800	-0.062367
19.508601	-1.668926	-0.680363	-1.004868	0.157341	-1.572619	-2.152127	-0.027534	0.128757	-0.421693	0.331647	0.012346	-0.075675
19.541934	-1.668932	-0.680369	-1.004868	0.157341	-1.572619	-2.152117	-0.024063	0.086341	-0.256660	0.183191	0.001551	-0.089739
19.575267	-1.668932	-0.680376	-1.004862	0.157341	-1.572619	-2.152107	-0.024237	0.055649	-0.141572	0.075768	-0.000905	-0.098044
19.608601	-1.668932	-0.680388	-1.004849	0.157332	-1.572619	-2.152088	-0.023179	0.038055	-0.062938	0.008145	-0.000711	-0.097448
19.641934	-1.669169	-0.680388	-1.004762	0.157458	-1.572774	-2.151952	-0.022097	0.096776	-0.031923	-0.019164	-0.000517	-0.090379
19.675267	-1.668988	-0.680407	-1.004787	0.157361	-1.572726	-2.152001	-0.020542	0.171987	-0.045413	-0.087574	-0.000258	-0.084154
19.708601	-1.668945	-0.680475	-1.004824	0.157332	-1.572697	-2.152049	-0.019186	0.220749	-0.058388	-0.163685	0.000905	-0.075500
19.741934	-1.668957	-0.680214	-1.004918	0.156663	-1.572658	-2.152359	-0.018962	0.271020	-0.072430	-0.211185	0.004331	-0.066395
19.775267	-1.669461	-0.674012	-1.006548	0.151844	-1.572551	-2.154977	-0.018663	0.287341	-0.077051	-0.260259	0.008145	-0.052767
19.808601	-1.671738	-0.647485	-1.013254	0.132529	-1.572086	-2.165236	-0.017755	0.289157	-0.077460	-0.277815	0.009697	-0.045102
19.841934	-1.674208	-0.617774	-1.020719	0.110964	-1.571475	-2.176678	-0.012280	0.289835	-0.077869	-0.279321	0.011054	-0.024769
19.875267	-1.675962	-0.599422	-1.025304	0.097506	-1.571223	-2.183795	0.001991	0.293449	-0.082650	-0.279047	0.010795	0.009076
19.908601	-1.677716	-0.580996	-1.030212	0.083611	-1.570932	-2.191174	0.017282	0.313588	-0.106912	-0.267617	0.007434	0.035837
19.941934	-1.678121	-0.575017	-1.031823	0.078811	-1.570758	-2.193695	0.044617	0.358464	-0.160963	-0.228399	0.004073	0.073595
19.975267	-1.678276	-0.574364	-1.031960	0.078220	-1.570728	-2.194015	0.075075	0.388019	-0.207638	-0.153829	0.001810	0.104836
20.008601	-1.678257	-0.574115	-1.031979	0.078220	-1.570728	-2.194034	0.118161	0.398420	-0.286538	-0.070053	-0.000776	0.137387
20.041934	-1.677810	-0.572809	-1.033715	0.078394	-1.570728	-2.193481	0.153434	0.402423	-0.362292	-0.000548	-0.003814	0.169457
20.079026	-1.675072	-0.565493	-1.042262	0.079548	-1.570913	-2.190078	0.175379	0.415672	-0.417656	0.026388	-0.006390	0.192128
20.124202	-1.667937	-0.548777	-1.062088	0.082030	-1.571310	-2.181923	0.186311	0.363923	-0.399206	0.024619	-0.009396	0.176039
20.176233	-1.660528	-0.531738	-1.081909	0.084086	-1.571795	-2.173497	0.188384	0.357669	-0.396598	0.017189	-0.011844	0.180095
20.237070	-1.646680	-0.501398	-1.115999	0.086762	-1.572639	-2.157721	0.185372	0.362065	-0.391568	0.007650	-0.013034	0.188765
20.305152	-1.631407	-0.470219	-1.149835	0.088071	-1.573579	-2.140336	0.186240	0.357018	-0.378196	-0.005982	-0.013451	0.195095
20.380490	-1.609876	-0.429826	-1.191665	0.087742	-1.574723	-2.115863	0.186931	0.351368	-0.358860	-0.018352	-0.012413	0.199458
20.460778	-1.592744	-0.400146	-1.220823	0.085812	-1.575431	-2.096412	0.194553	0.347910	-0.338089	-0.029211	-0.011674	0.211379
20.546410	-1.574162	-0.370310	-1.248612	0.082205	-1.576343	-2.075420	0.199662	0.331627	-0.324261	-0.042869	-0.010317	0.214406
20.637140	-1.547953	-0.332069	-1.282106	0.075456	-1.577448	-2.046079	0.209554	0.317975	-0.288001	-0.055283	-0.008882	0.222960
20.726998	-1.528935	-0.306744	-1.302890	0.069367	-1.578020	-2.024795	0.224468	0.310303	-0.253263	-0.069835	-0.007913	0.240968
20.819774	-1.508555	-0.281624	-1.322212	0.062095	-1.578825	-2.002164	0.236175	0.294029	-0.224086	-0.078544	-0.007618	0.248143
20.910425	-1.487927	-0.258226	-1.339077	0.053940	-1.579319	-1.979310	0.250826	0.277340	-0.194308	-0.095813	-0.006893	0.266989
21.003315	-1.467031	-0.236403	-1.353641	0.045175	-1.580008	-1.956243	0.259653	0.261487	-0.166032	-0.103009	-0.005730	0.275769
21.093629	-1.443951	-0.214387	-1.367165	0.034945	-1.580463	-1.930867	0.271697	0.252740	-0.145406	-0.120384	-0.006251	0.293930
21.182942	-1.421350	-0.194685	-1.377983	0.024609	-1.581006	-1.906035	0.283286	0.233162	-0.123499	-0.127123	-0.005670	0.308379
21.271662	-1.389878	-0.170150	-1.389635	0.009628	-1.581530	-1.871594	0.293564	0.219344	-0.093872	-0.145189	-0.004906	0.318859
21.358607	-1.365386	-0.153272	-1.396161	-0.002356	-1.581831	-1.844823	0.302264	0.206821	-0.078638	-0.155423	-0.004312	0.317370
21.446569	-1.331855	-0.132961	-1.402133	-0.018908	-1.582267	-1.808452	0.314438	0.188189	-0.053965	-0.155623	-0.003184	0.320579
21.529676	-1.305615	-0.119225	-1.404460	-0.031978	-1.582480	-1.779993	0.324922	0.181579	-0.027739	-0.171111	-0.002334	0.354213
21.612401	-1.269620	-0.103001	-1.405088	-0.049946	-1.582587	-1.741063	0.334828	0.163931	-0.000967	-0.176892	-0.001355	0.357276
21.694231	-1.241806	-0.092680	-1.403645	-0.063840	-1.582606	-1.710946	0.346792	0.144748	0.014669	-0.184138	0.000105	0.363879
21.774852	-1.213227	-0.083821	-1.399782	-0.077987	-1.582577	-1.680190	0.360391	0.120893	0.040705	-0.176484	0.001176	0.381307
21.855142	-1.183485	-0.076139	-1.394096	-0.092619	-1.582393	-1.648182	0.370348	0.102403	0.062871	-0.173989	0.002496	0.389859
21.931622	-1.153748	-0.070409	-1.387141	-0.107183	-1.582112	-1.616233	0.379863	0.081726	0.091559	-0.185206	0.002958	0.419286
22.009811	-1.114059	-0.065214	-1.375227	-0.126439	-1.581695	-1.573647	0.387104	0.059701	0.112070	-0.184351	0.004024	0.425930
22.089763	-1.103508	-0.064393	-1.371626	-0.131501	-1.581579	-1.562438	0.387771	0.036089	0.124043	-0.182814	0.005067	0.413900
22.168941	-1.072446	-0.062938	-1.359862	-0.146385	-1.581103	-1.529170	0.398060	0.014600	0.155044	-0.178060	0.005660	0.412531
22.246552	-1.041360	-0.062832	-1.346543	-0.161259	-1.580473	-1.495873	0.403701	-0.009699	0.191465	-0.190487	0.007190	0.414318
22.323705	-1.008122	-0.064207	-1.330530	-0.176996	-1.579882	-1.460365	0.405687	-0.032040	0.217906	-0.195065	0.008378	0.396981
22.398896	-0.975325	-0.067877	-1.313099	-0.192549	-1.579067	-1.425343	0.408216	-0.055222	0.246055	-0.203142	0.010402	0.389224
22.470666	-0.954099	-0.071261	-1.300794	-0.202681	-1.578563	-1.402615	0.408257	-0.079587	0.277942	-0.231913	0.012850	0.387187
22.537147	-0.911373	-0.079964	-1.273770	-0.223092	-1.577380	-1.357023	0.413390	-0.099802	0.321792	-0.248992	0.015979	0.396763
22.597046	-0.866812	-0.092102	-1.242105	-0.244637	-1.575964	-1.309336	0.414703	-0.119672	0.351949	-0.256070	0.019713	0.421179
22.655810	-0.832852	-0.103330	-1.215504	-0.261334	-1.574801	-1.273140	0.411378	-0.124209	0.330552	-0.249664	0.020607	0.428941
22.710658	-0.799644	-0.116083	-1.187242	-0.278031	-1.573550	-1.237758	0.409834	-0.130867	0.334947	-0.238094	0.022157	0.442909
22.763455	-0.772309	-0.128046	-1.162172	-0.292032	-1.572454	-1.208670	0.407411	-0.129729	0.316251	-0.213771	0.017753	0.482151
22.816430	-0.752813	-0.137378	-1.143129	-0.302388	-1.571553	-1.187890	0.402436	-0.121853	0.278082	-0.178795	0.011307	0.525004
22.870832	-0.743973	-0.141788	-1.134196	-0.307246	-1.571271	-1.178311	0.400956	-0.096627	0.226123	-0.126797	0.007922	0.521057
22.932341	-0.741509	-0.143120	-1.131869	-0.308632	-1.571165	-1.175693	0.394368	-0.056224	0.137318	-0.067414	0.003713	0.460228
22.995034	-0.741453	-0.143163	-1.131683	-0.308758	-1.571155	-1.175440	0.387821	-0.024455	0.061758	-0.045325	0.000962	0.479927
23.060506	-0.740900	-0.143219	-1.131732	-0.308749	-1.571145	-1.174810	0.385731	0.014244	0.011375	-0.018120	0.000263	0.467033
23.128281	-0.735263	-0.142267	-1.133014	-0.308526	-1.571145	-1.169060	0.383562	0.044176	-0.037450	-0.000067	-0.000032	0.458277
23.199278	-0.718709	-0.137788	-1.137294	-0.308080	-1.571145	-1.152392	0.376983	0.072647	-0.076824	0.007600	-0.000243	0.446176
23.276672	-0.688339	-0.130143	-1.145275	-0.307294	-1.571165	-1.122218	0.372399	0.084904	-0.092553	0.010612	-0.000501	0.407094
23.357742	-0.648132	-0.120195	-1.155534	-0.306228	-1.571223	-1.082162	0.375712	0.094887	-0.103045	0.011904	-0.000718	0.394224
23.442739	-0.590240	-0.105825	-1.170365	-0.304599	-1.571320	-1.024120	0.376540	0.105914	-0.114994	0.012884	-0.000913	0.389004
23.537771	-0.546668	-0.095112	-1.181463	-0.303445	-1.571407	-0.980351	0.375940	0.105143	-0.113946	0.013132	-0.000907	0.356990
23.640110	-0.487992	-0.080643	-1.196530	-0.301748	-1.571504	-0.921544	0.377470	0.103881	-0.111508	0.012730	-0.000842	0.344675
23.748794	-0.442915	-0.069507	-1.208057	-0.300584	-1.571572	-0.876310	0.381862	0.106059	-0.110788	0.011881	-0.000773	0.341557
23.866244	-0.398174	-0.058502	-1.219461	-0.299382	-1.571659	-0.831591	0.383198	0.100560	-0.106600	0.011267	-0.000734	0.334093
23.983730	-0.339989	-0.044138	-1.234310	-0.297782	-1.571747	-0.773239	0.390201	0.101189	-0.103930	0.010884	-0.000642	0.352784
24.103815	-0.295926	-0.033307	-1.245613	-0.296570	-1.571834	-0.729024	0.397221	0.098948	-0.101696	0.010544	-0.000610	0.368700
24.223056	-0.263906	-0.025326	-1.253800	-0.295843	-1.571873	-0.696939	0.402233	0.096944	-0.099404	0.011078	-0.000614	0.386020
24.338348	-0.205609	-0.010992	-1.268731	-0.294136	-1.571960	-0.638616	0.407791	0.100201	-0.105518	0.010557	-0.000579	0.404806
24.452724	-0.162007	-0.000224	-1.279885	-0.293021	-1.572028	-0.594847	0.411066	0.100820	-0.103124	0.011011	-0.000641	0.415990
24.566416	-0.118366	0.010576	-1.291027	-0.291906	-1.572076	-0.551127	0.413547	0.101198	-0.103724	0.011107	-0.000549	0.409845
24.679291	-0.060163	0.024878	-1.305920	-0.290171	-1.572173	-0.492803	0.415790	0.099010	-0.104480	0.011046	-0.000573	0.397872
24.788997	-0.031061	0.032044	-1.313341	-0.289550	-1.572212	-0.463637	0.416656	0.104901	-0.110263	0.011324	-0.000570	0.394675
24.895464	0.027161	0.046433	-1.328278	-0.287970	-1.572299	-0.405314	0.418779	0.110620	-0.113974	0.011807	-0.000607	0.386436
24.996622	0.071311	0.057339	-1.339525	-0.286748	-1.572348	-0.361080	0.419370	0.109986	-0.114860	0.013081	-0.000618	0.377671
25.093694	0.114982	0.068057	-1.350692	-0.285613	-1.572416	-0.317340	0.420435	0.116666	-0.132317	0.015641	-0.000710	0.371037
25.180012	0.158579	0.078795	-1.361859	-0.284411	-1.572474	-0.273590	0.428770	0.124963	-0.150751	0.031968	-0.000799	0.391886
25.258367	0.217261	0.093284	-1.376901	-0.282802	-1.572561	-0.214782	0.435322	0.126000	-0.169671	0.045539	-0.000798	0.401947
25.329694	0.261069	0.104226	-1.388646	-0.281037	-1.572619	-0.171052	0.437464	0.131270	-0.180490	0.064308	-0.000816	0.410520
25.393961	0.287471	0.111393	-1.398102	-0.278157	-1.572658	-0.144697	0.425172	0.125442	-0.183936	0.078739	-0.000771	0.410250
25.455237	0.328803	0.124351	-1.422140	-0.266386	-1.572726	-0.103372	0.414257	0.115488	-0.175520	0.080162	-0.000738	0.394601
25.506659	0.340412	0.129228	-1.435067	-0.258309	-1.572745	-0.091639	0.418162	0.118714	-0.181688	0.092707	-0.000587	0.428371
25.552084	0.348281	0.133477	-1.449176	-0.248448	-1.572774	-0.083543	0.408557	0.112933	-0.182234	0.101881	-0.000380	0.441703
25.599792	0.349550	0.135039	-1.456013	-0.243183	-1.572774	-0.082118	0.327977	0.079934	-0.150939	0.091125	-0.000180	0.394425
25.641497	0.349637	0.135113	-1.456138	-0.242950	-1.572774	-0.082118	0.303540	0.067599	-0.144235	0.085613	-0.000052	0.427580
25.674830	0.349681	0.135182	-1.456212	-0.242950	-1.572774	-0.082127	0.252435	0.065015	-0.133591	0.068547	0.000000	0.511832
25.708164	0.349706	0.135207	-1.456243	-0.242940	-1.572774	-0.082127	0.144700	0.019579	-0.074296	0.029260	0.000000	0.469872
25.741497	0.349700	0.135225	-1.456256	-0.242940	-1.572774	-0.082137	0.064412	-0.031303	-0.007021	0.015982	0.000000	0.464345
25.774830	0.349700	0.135232	-1.456268	-0.242940	-1.572774	-0.082137	-0.060182	-0.118764	0.050443	0.016769	0.000000	0.443445
25.813788	0.349693	0.135238	-1.456268	-0.242940	-1.572774	-0.082137	-0.098187	-0.194384	0.098246	0.035958	-0.000608	0.363501
25.875457	0.349687	0.135232	-1.456268	-0.242940	-1.572774	-0.082127	-0.087520	-0.208530	0.105594	0.041675	-0.002411	0.223605
25.954069	0.348468	0.131530	-1.454738	-0.241854	-1.572881	-0.079112	-0.083165	-0.214053	0.108460	0.055258	-0.004358	0.175468
26.051191	0.343479	0.117751	-1.447913	-0.238218	-1.573443	-0.069784	-0.081762	-0.214102	0.108507	0.058516	-0.006633	0.144339
26.167945	0.333419	0.089930	-1.434352	-0.231043	-1.574316	-0.050857	-0.073413	-0.212448	0.107732	0.060137	-0.009523	0.122530
26.309881	0.319677	0.051740	-1.415913	-0.221104	-1.575674	-0.024793	-0.067266	-0.212042	0.107478	0.059031	-0.009777	0.100944
26.466805	0.298713	-0.006345	-1.387819	-0.206017	-1.577778	0.015058	-0.063017	-0.206932	0.104870	0.064581	-0.009694	0.091310
26.644547	0.283036	-0.049917	-1.366699	-0.194633	-1.579261	0.045078	-0.056198	-0.203439	0.102990	0.060354	-0.009044	0.080618
26.831872	0.267322	-0.093526	-1.345597	-0.183260	-1.580803	0.075107	-0.053354	-0.198106	0.099834	0.059483	-0.009225	0.076493
27.025099	0.251483	-0.137620	-1.324191	-0.171721	-1.582480	0.105466	-0.051746	-0.187698	0.091122	0.054355	-0.008341	0.074157
27.216617	0.230524	-0.195830	-1.296090	-0.156537	-1.584449	0.145386	-0.051792	-0.176315	0.083511	0.048883	-0.007549	0.074819
27.395235	0.221112	-0.221958	-1.283474	-0.149730	-1.585467	0.163217	-0.053673	-0.169680	0.078729	0.044967	-0.006864	0.080222
27.547190	0.206493	-0.262525	-1.263903	-0.139122	-1.586844	0.191036	-0.058686	-0.164726	0.079170	0.041056	-0.006012	0.094060
27.682099	0.201367	-0.276684	-1.256842	-0.135399	-1.587367	0.200936	-0.059319	-0.156183	0.069296	0.036182	-0.004344	0.104277
27.794600	0.199868	-0.281201	-1.254615	-0.134158	-1.587581	0.204223	-0.058711	-0.152052	0.065003	0.031433	-0.002605	0.116665
27.884192	0.199774	-0.281512	-1.254528	-0.134003	-1.587590	0.204456	-0.062058	-0.146195	0.059213	0.025032	-0.001395	0.129639
27.939802	0.199706	-0.281648	-1.254485	-0.134012	-1.587590	0.204456	-0.081135	-0.140376	0.060388	0.020206	-0.000155	0.166370
27.983766	0.199681	-0.281686	-1.254466	-0.134022	-1.587590	0.204456	-0.078608	-0.123529	0.038623	0.009289	0.000048	0.150656
28.017099	0.199675	-0.281692	-1.254454	-0.134032	-1.587590	0.204446	-0.061700	-0.052290	0.018752	0.001369	0.000064	0.044419
28.050433	0.199656	-0.281692	-1.254454	-0.134041	-1.587581	0.204446	-0.042551	-0.013675	0.001884	-0.000137	0.000064	-0.081827
28.083766	0.199637	-0.281698	-1.254447	-0.134041	-1.587581	0.204446	-0.012790	-0.001188	-0.000089	-0.000274	0.000064	-0.210385
28.117099	0.199637	-0.281698	-1.254447	-0.134041	-1.587581	0.204446	-0.001443	0.002511	-0.002346	-0.001643	0.000000	-0.337329
28.150433	0.199637	-0.281698	-1.254447	-0.134051	-1.587581	0.204446	0.002862	0.008517	-0.008176	-0.004688	0.000065	-0.432522
28.183766	0.199644	-0.281698	-1.254447	-0.134051	-1.587581	0.204446	0.004504	0.015151	-0.013899	-0.011020	0.001164	-0.608145
28.217099	0.199644	-0.281698	-1.254460	-0.134090	-1.587571	0.202991	0.004902	0.024109	-0.023124	-0.017796	0.004073	-0.703135
28.250433	0.199675	-0.281636	-1.254578	-0.134487	-1.587406	0.193925	0.006818	0.031184	-0.029132	-0.028610	0.008210	-0.788074
28.283766	0.199836	-0.280591	-1.255318	-0.135360	-1.586970	0.169830	0.007428	0.033950	-0.031211	-0.036070	0.014351	-0.897841
28.317099	0.200098	-0.278526	-1.257334	-0.137163	-1.586349	0.127991	0.008996	0.045894	-0.042996	-0.039047	0.022496	-0.979479
28.350433	0.200645	-0.276130	-1.259324	-0.139083	-1.585428	0.077056	0.010314	0.052494	-0.048826	-0.053387	0.026633	-1.062033
28.383766	0.201298	-0.272852	-1.262547	-0.142147	-1.584138	0.002734	0.011248	0.058873	-0.055775	-0.060368	0.026050	-1.145489
28.417099	0.202026	-0.270258	-1.264643	-0.144271	-1.583140	-0.052340	0.012069	0.068188	-0.063898	-0.065878	0.029929	-1.228988
28.450433	0.202157	-0.269250	-1.265371	-0.145114	-1.582888	-0.070492	0.013226	0.074686	-0.069177	-0.072859	0.030446	-1.316066
28.483766	0.203090	-0.264870	-1.269496	-0.149177	-1.581171	-0.173980	0.014358	0.078198	-0.071826	-0.071353	0.031352	-1.343307
28.517099	0.203389	-0.262451	-1.271536	-0.151417	-1.580202	-0.228997	0.015030	0.079097	-0.070563	-0.071730	0.033097	-1.425003
28.550433	0.204154	-0.260111	-1.273969	-0.153599	-1.579193	-0.284052	0.015565	0.081489	-0.072395	-0.071969	0.034454	-1.536457
28.583766	0.204795	-0.256696	-1.276862	-0.156614	-1.577923	-0.357802	0.015577	0.077638	-0.070350	-0.073886	0.028443	-1.636144
28.617099	0.205261	-0.254251	-1.279157	-0.158689	-1.577070	-0.412218	0.015490	0.077231	-0.070742	-0.073886	0.029347	-1.690060
28.650433	0.205672	-0.251918	-1.281154	-0.160890	-1.576178	-0.466672	0.016013	0.076688	-0.068040	-0.067862	0.032063	-1.738450
28.683766	0.206256	-0.249523	-1.283281	-0.163169	-1.575169	-0.521737	0.015167	0.073685	-0.065907	-0.062421	0.027538	-1.725869
28.717099	0.206823	-0.246251	-1.286305	-0.166049	-1.573870	-0.596127	0.016411	0.075755	-0.066618	-0.065262	0.027020	-1.733127
28.750433	0.207190	-0.244385	-1.287953	-0.167513	-1.573288	-0.633652	0.015217	0.076518	-0.067187	-0.064885	0.022624	-1.768353
28.783766	0.207619	-0.241940	-1.290131	-0.169830	-1.572357	-0.691092	0.016162	0.075687	-0.066582	-0.065535	0.025146	-1.739264
28.817099	0.207886	-0.241131	-1.290865	-0.170596	-1.572037	-0.709244	0.015515	0.075381	-0.067400	-0.068102	0.027408	-1.762870
28.850433	0.208390	-0.237853	-1.293826	-0.173563	-1.570796	-0.782451	0.015229	0.075992	-0.067471	-0.067726	0.026826	-1.692955
28.883766	0.209305	-0.234674	-1.296570	-0.176433	-1.569507	-0.856229	0.015080	0.076857	-0.067489	-0.067897	0.033614	-1.693013
28.917099	0.209610	-0.232055	-1.298952	-0.178731	-1.568556	-0.910664	0.015428	0.075144	-0.068093	-0.067897	0.033549	-1.697478
28.950433	0.210362	-0.228944	-1.301733	-0.181572	-1.567315	-0.983241	0.014769	0.076416	-0.067827	-0.073646	0.031480	-1.669349
28.983766	0.210698	-0.226611	-1.304016	-0.183793	-1.566288	-1.037695	0.015279	0.076162	-0.071897	-0.073475	0.029024	-1.702074
29.017099	0.211470	-0.224055	-1.306231	-0.186101	-1.565337	-1.096377	0.015328	0.080437	-0.071505	-0.070806	0.029993	-1.674803
29.050433	0.211911	-0.221342	-1.308489	-0.188399	-1.564436	-1.155650	0.015801	0.078724	-0.070208	-0.068239	0.030963	-1.669989
29.083766	0.212409	-0.218698	-1.310959	-0.190697	-1.563408	-1.212451	0.015751	0.077248	-0.067258	-0.068821	0.030058	-1.673305
29.117099	0.212801	-0.216366	-1.313148	-0.192946	-1.562409	-1.266314	0.016038	0.076365	-0.067844	-0.069026	0.028894	-1.620756
29.150433	0.213386	-0.214014	-1.315295	-0.195089	-1.561536	-1.320720	0.014856	0.074906	-0.068537	-0.068889	0.027149	-1.605746
29.183766	0.213641	-0.211638	-1.317366	-0.197213	-1.560654	-1.375213	0.015192	0.074567	-0.068182	-0.068547	0.030511	-1.525650
29.217099	0.214462	-0.208987	-1.319817	-0.199598	-1.559587	-1.434457	0.014097	0.074363	-0.067809	-0.065193	0.029347	-1.414328
29.250433	0.214854	-0.206350	-1.321771	-0.201857	-1.558569	-1.488873	0.013400	0.070936	-0.061659	-0.067007	0.028959	-1.305434
29.283766	0.215519	-0.204054	-1.324203	-0.203951	-1.557755	-1.543909	0.011770	0.065592	-0.059793	-0.064475	0.030188	-1.223927
29.317099	0.215762	-0.201479	-1.326436	-0.206211	-1.556805	-1.601369	0.010762	0.059806	-0.053643	-0.058965	0.029412	-1.142449
29.350433	0.216409	-0.199270	-1.328651	-0.208480	-1.555786	-1.655619	0.009531	0.053664	-0.047902	-0.051915	0.026245	-1.061000
29.383766	0.216733	-0.196788	-1.330673	-0.210467	-1.554933	-1.705798	0.008349	0.049033	-0.059899	-0.043531	0.019587	-0.973283
29.417099	0.217205	-0.195332	-1.331786	-0.211834	-1.554390	-1.739880	0.006569	0.049966	-0.132738	-0.017180	0.016613	-0.854760
29.452824	0.217411	-0.194648	-1.332533	-0.212455	-1.554099	-1.757304	0.005422	0.047017	-0.221587	0.077403	0.010013	-0.747014
29.486157	0.217398	-0.194437	-1.332639	-0.212717	-1.553973	-1.762298	0.003782	0.049389	-0.361901	0.214025	0.003685	-0.719090
29.519490	0.217355	-0.194337	-1.332825	-0.212736	-1.553964	-1.762802	0.002625	0.043264	-0.494194	0.378086	0.001422	-0.637467
29.552824	0.217292	-0.193659	-1.339127	-0.207335	-1.553964	-1.762792	0.000796	0.028911	-0.662623	0.554262	0.000065	-0.554956
29.588870	0.217174	-0.190667	-1.366879	-0.182106	-1.553964	-1.762841	0.000012	0.008786	-0.709944	0.726638	-0.000479	-0.431806
29.629677	0.216975	-0.187873	-1.405710	-0.146453	-1.553983	-1.762976	-0.001047	-0.006458	-0.692699	0.767910	-0.000845	-0.314944
29.673329	0.216670	-0.185945	-1.452436	-0.101927	-1.554041	-1.763132	-0.001435	-0.014005	-0.681481	0.808538	-0.001185	-0.207677
29.717764	0.216546	-0.185615	-1.500058	-0.054328	-1.554119	-1.763267	-0.002091	-0.016075	-0.680792	0.841603	-0.001406	-0.163746
29.762125	0.216353	-0.188670	-1.561297	0.010297	-1.554196	-1.763500	-0.002506	-0.016611	-0.680084	0.825521	-0.001506	-0.105812
29.804629	0.216166	-0.193304	-1.600290	0.053708	-1.554245	-1.763675	-0.003464	-0.019267	-0.677026	0.790509	-0.001369	-0.043037
29.843465	0.215918	-0.198231	-1.629211	0.087257	-1.554303	-1.763820	-0.006140	-0.032474	-0.664984	0.746226	-0.001165	-0.017577
29.876798	0.215768	-0.201373	-1.644957	0.106194	-1.554332	-1.763878	-0.008535	-0.056633	-0.639872	0.705387	-0.000969	-0.008261
29.910131	0.215768	-0.202294	-1.650313	0.112971	-1.554351	-1.763898	-0.009182	-0.079131	-0.483388	0.479658	-0.000581	-0.006661
29.943465	0.215793	-0.202443	-1.651134	0.113960	-1.554361	-1.763888	-0.008859	-0.094859	-0.287285	0.306630	-0.000452	-0.006443
29.976798	0.215812	-0.202667	-1.651209	0.113980	-1.554361	-1.763898	-0.008212	-0.090430	-0.156431	0.159886	-0.001164	-0.006516
30.010131	0.215743	-0.204539	-1.649604	0.113757	-1.554390	-1.764208	-0.007938	-0.077824	-0.052967	0.056911	-0.002392	-0.006356
30.043465	0.215190	-0.208639	-1.644739	0.113301	-1.554516	-1.764780	-0.007552	-0.064302	0.017650	0.006468	-0.003620	-0.006123
30.076798	0.213778	-0.214960	-1.637703	0.112341	-1.554720	-1.765924	-0.007042	-0.055632	0.050941	-0.008145	-0.003943	-0.005803
30.110131	0.213025	-0.220397	-1.631084	0.111527	-1.554904	-1.766894	-0.006569	-0.053088	0.060699	-0.009069	-0.003297	-0.005294
30.143465	0.212583	-0.221828	-1.629877	0.111294	-1.554962	-1.767068	-0.006308	-0.052426	0.061819	-0.008590	-0.002197	-0.004523
30.176798	0.212546	-0.221840	-1.629777	0.111313	-1.554962	-1.767088	-0.006221	-0.051815	0.060024	-0.006913	-0.000905	-0.003680
30.210131	0.212565	-0.221809	-1.629709	0.111362	-1.554972	-1.767097	-0.005126	-0.046505	0.053909	-0.004312	-0.000258	-0.003054
30.243465	0.212577	-0.221772	-1.629665	0.111410	-1.554972	-1.767097	-0.002924	-0.031812	0.060254	-0.010848	0.000065	-0.002458
30.276798	0.212577	-0.221759	-1.629640	0.111449	-1.554982	-1.767097	-0.000373	-0.005327	0.104601	-0.048287	0.000065	-0.001673
30.310131	0.212645	-0.221666	-1.629585	0.111527	-1.554953	-1.767117	0.002476	0.023922	0.245906	-0.136649	-0.000453	-0.001207
30.343465	0.212633	-0.221666	-1.629597	0.111449	-1.554953	-1.767126	0.007378	0.032830	0.375942	-0.344343	-0.004396	-0.000524
30.376798	0.212614	-0.221591	-1.627849	0.108918	-1.555040	-1.767097	0.011098	0.033101	0.515701	-0.517062	-0.012541	0.001934
30.410131	0.212658	-0.220303	-1.618909	0.097729	-1.555631	-1.766991	0.013176	0.025755	0.664436	-0.692759	-0.029735	0.012537
30.450164	0.213230	-0.216913	-1.597186	0.072596	-1.556756	-1.766826	0.012825	0.009154	0.686961	-0.724747	-0.036493	0.046407
30.496958	0.214350	-0.211625	-1.544338	0.013778	-1.559423	-1.766293	0.011761	-0.006974	0.703676	-0.751836	-0.039830	0.067758
30.550918	0.215557	-0.209790	-1.498229	-0.035110	-1.561536	-1.765992	0.007448	-0.023488	0.720058	-0.759902	-0.040931	0.120163
30.613520	0.216428	-0.209703	-1.449238	-0.084871	-1.563776	-1.765662	-0.001577	-0.044302	0.744871	-0.740414	-0.037207	0.146910
30.680601	0.217467	-0.212365	-1.397125	-0.135438	-1.566123	-1.765168	-0.017360	-0.057421	0.761816	-0.773313	-0.035333	0.167361
30.747886	0.218574	-0.217740	-1.340906	-0.187536	-1.568498	-1.764780	-0.031244	-0.068587	0.781538	-0.775217	-0.035162	0.222143
30.811254	0.219171	-0.225349	-1.283991	-0.238102	-1.570699	-1.764499	-0.044034	-0.080439	0.797889	-0.781837	-0.039546	0.293201
30.867559	0.220247	-0.235607	-1.221650	-0.291276	-1.572968	-1.764130	-0.072266	-0.096958	0.825249	-0.796708	-0.042556	0.378838
30.917009	0.220820	-0.252173	-1.139322	-0.358229	-1.575887	-1.760368	-0.102311	-0.109952	0.847239	-0.785687	-0.042703	0.505331
30.959982	0.218605	-0.263962	-1.086469	-0.399360	-1.577632	-1.746929	-0.148471	-0.120853	0.859492	-0.759123	-0.038910	0.665844
30.997396	0.211096	-0.271067	-1.053939	-0.423747	-1.578631	-1.717084	-0.206457	-0.126761	0.846922	-0.699646	-0.026665	0.814689
31.031340	0.195177	-0.272983	-1.040999	-0.432822	-1.578951	-1.655639	-0.257193	-0.118628	0.768455	-0.585328	-0.015426	0.977732
31.064673	0.181099	-0.271676	-1.041261	-0.431562	-1.578931	-1.601311	-0.292112	-0.091856	0.608785	-0.339141	-0.002521	1.078512
31.099705	0.170760	-0.269598	-1.042393	-0.429836	-1.578873	-1.561294	-0.307329	-0.055550	0.347682	-0.151904	0.001845	1.102655
31.137926	0.151624	-0.266830	-1.044757	-0.426849	-1.578670	-1.486895	-0.299510	-0.006747	0.164951	0.002567	0.003552	1.082204
31.180162	0.137340	-0.264535	-1.046225	-0.424648	-1.578515	-1.431888	-0.302492	0.023888	0.015879	0.037326	0.003673	1.043077
31.226344	0.118646	-0.262034	-1.048433	-0.421730	-1.578340	-1.359272	-0.297617	0.038268	-0.016614	0.051921	0.003546	1.052523
31.275568	0.099691	-0.259029	-1.050629	-0.418908	-1.578214	-1.286075	-0.289109	0.044555	-0.033617	0.047160	0.002757	1.042482
31.327767	0.085476	-0.257013	-1.052048	-0.416707	-1.578088	-1.231068	-0.287023	0.043240	-0.032905	0.047270	0.002230	1.034149
31.381886	0.071411	-0.255010	-1.053566	-0.414622	-1.578001	-1.176623	-0.280460	0.040598	-0.031693	0.043864	0.001911	1.043337
31.436814	0.057077	-0.252864	-1.055295	-0.412412	-1.577904	-1.120967	-0.276371	0.040031	-0.030482	0.040020	0.001883	1.053676
31.493524	0.047460	-0.251626	-1.056197	-0.410947	-1.577836	-1.084072	-0.272250	0.039252	-0.030047	0.040512	0.001596	1.062474
31.551351	0.028604	-0.248858	-1.058213	-0.408097	-1.577710	-1.010895	-0.266774	0.037956	-0.028975	0.039611	0.001677	1.032337
31.608587	0.014650	-0.246848	-1.059681	-0.405925	-1.577623	-0.957071	-0.264334	0.036520	-0.028456	0.038346	0.001958	1.044195
31.666626	0.005139	-0.245430	-1.060987	-0.404499	-1.577545	-0.920167	-0.261299	0.037593	-0.028307	0.039427	0.002190	1.057809
31.725303	-0.013636	-0.242643	-1.062959	-0.401639	-1.577370	-0.847600	-0.258379	0.036211	-0.027798	0.040359	0.002203	1.029281
31.784267	-0.032498	-0.240049	-1.065037	-0.398633	-1.577206	-0.774364	-0.257175	0.036965	-0.028396	0.038905	0.002229	1.009878
31.843894	-0.046608	-0.237890	-1.066536	-0.396578	-1.577099	-0.719929	-0.254272	0.038698	-0.029442	0.040157	0.002313	1.014389
31.904464	-0.060829	-0.236036	-1.068160	-0.394367	-1.576983	-0.664873	-0.255729	0.036872	-0.028836	0.040775	0.001779	0.968129
31.966612	-0.079778	-0.233013	-1.070232	-0.391526	-1.576827	-0.591696	-0.253975	0.036299	-0.027923	0.039977	0.001699	0.929455
32.028554	-0.089601	-0.231638	-1.071277	-0.389994	-1.576760	-0.553560	-0.249879	0.038439	-0.028906	0.037128	0.001809	0.961391
32.090577	-0.108836	-0.228888	-1.073417	-0.386959	-1.576643	-0.479190	-0.249821	0.037202	-0.027215	0.038605	0.001772	0.960081
32.154016	-0.127723	-0.226244	-1.075600	-0.384137	-1.576498	-0.406012	-0.249035	0.035481	-0.026365	0.037834	0.001698	0.937746
32.216673	-0.141988	-0.224291	-1.077081	-0.381936	-1.576410	-0.350947	-0.247279	0.035923	-0.026920	0.038360	0.001823	0.949839
32.278638	-0.156010	-0.222033	-1.078543	-0.379871	-1.576313	-0.296561	-0.244886	0.036353	-0.027403	0.038513	0.001982	0.960469
32.340915	-0.175264	-0.219240	-1.080764	-0.376884	-1.576149	-0.222142	-0.243808	0.034917	-0.027151	0.036872	0.002076	0.956169
32.403518	-0.189304	-0.217261	-1.082213	-0.374751	-1.576023	-0.167736	-0.242346	0.035999	-0.026404	0.036790	0.001928	0.923148
32.464336	-0.203563	-0.215289	-1.083706	-0.372521	-1.575897	-0.112700	-0.243951	0.035699	-0.026956	0.037757	0.001984	0.935806
32.525707	-0.217771	-0.213131	-1.085305	-0.370359	-1.575790	-0.057654	-0.247010	0.034584	-0.026365	0.035855	0.002001	0.913079
32.586090	-0.231837	-0.211258	-1.087022	-0.368303	-1.575683	-0.003200	-0.245545	0.035263	-0.026286	0.036801	0.001749	0.927014
32.644078	-0.246046	-0.209093	-1.088490	-0.365996	-1.575557	0.051817	-0.239544	0.036222	-0.027025	0.037987	0.001895	0.966337
32.701163	-0.260111	-0.206847	-1.090058	-0.363872	-1.575470	0.106291	-0.243244	0.035982	-0.027649	0.037109	0.001850	0.965173
32.759587	-0.274364	-0.205006	-1.091707	-0.361778	-1.575373	0.161365	-0.243982	0.033164	-0.024916	0.038035	0.001586	0.958604
32.816669	-0.288404	-0.202897	-1.093175	-0.359577	-1.575266	0.215761	-0.243665	0.034092	-0.026332	0.035852	0.001661	0.982232
32.873293	-0.302327	-0.200869	-1.094624	-0.357463	-1.575169	0.269566	-0.245679	0.035466	-0.027330	0.034590	0.001712	0.975774
32.930342	-0.316990	-0.198928	-1.096217	-0.355301	-1.575072	0.326444	-0.244145	0.035321	-0.025994	0.036092	0.001473	0.984897
32.988017	-0.331236	-0.196645	-1.097791	-0.352993	-1.574966	0.381432	-0.247121	0.034575	-0.026021	0.035503	0.001606	0.990981
33.045611	-0.336082	-0.195948	-1.098400	-0.352333	-1.574927	0.400185	-0.248378	0.034467	-0.026057	0.035830	0.001833	0.992399
33.104666	-0.350272	-0.193883	-1.099900	-0.350181	-1.574791	0.455221	-0.247902	0.035327	-0.025994	0.035059	0.001861	0.984211
33.163285	-0.369825	-0.191040	-1.102170	-0.347098	-1.574636	0.530832	-0.255631	0.035408	-0.026653	0.036624	0.002022	0.992522
33.220913	-0.383896	-0.189093	-1.103582	-0.345042	-1.574500	0.585267	-0.259792	0.037252	-0.028324	0.037610	0.002206	0.993310
33.278538	-0.397974	-0.187158	-1.105275	-0.342773	-1.574394	0.639702	-0.260363	0.038364	-0.028737	0.040582	0.002206	0.995469
33.335486	-0.412488	-0.185012	-1.106824	-0.340572	-1.574277	0.695950	-0.264003	0.038522	-0.029890	0.043828	0.002081	1.007859
33.391077	-0.431562	-0.182057	-1.108758	-0.337653	-1.574161	0.769797	-0.270462	0.042138	-0.031781	0.045226	0.002132	1.048804
33.445801	-0.446411	-0.180066	-1.110537	-0.335365	-1.574054	0.827218	-0.274536	0.042537	-0.031874	0.045776	0.002166	1.065968
33.501978	-0.465646	-0.177254	-1.112789	-0.332456	-1.573928	0.901608	-0.284156	0.040490	-0.031207	0.044227	0.002148	1.039462
33.557280	-0.484882	-0.174610	-1.114699	-0.329605	-1.573793	0.975988	-0.288667	0.041029	-0.031755	0.043854	0.002221	1.055358
33.610787	-0.498935	-0.172514	-1.116273	-0.327356	-1.573686	1.030433	-0.292087	0.043705	-0.032919	0.045197	0.002255	1.126963
33.664374	-0.513454	-0.170181	-1.118009	-0.325174	-1.573560	1.086593	-0.297913	0.043629	-0.032904	0.046705	0.002252	1.143378
33.717408	-0.527844	-0.168277	-1.119346	-0.323070	-1.573443	1.142279	-0.301174	0.042826	-0.033336	0.045213	0.002235	1.155772
33.769504	-0.542519	-0.166019	-1.121001	-0.320733	-1.573308	1.199119	-0.307241	0.044813	-0.033516	0.044495	0.002399	1.209133
33.820433	-0.556591	-0.164134	-1.122581	-0.318571	-1.573191	1.253563	-0.314466	0.044417	-0.033352	0.045715	0.002369	1.237139
33.869573	-0.575527	-0.161434	-1.124684	-0.315643	-1.573046	1.326799	-0.325063	0.045299	-0.033808	0.046986	0.002280	1.255965
33.917438	-0.589730	-0.159294	-1.126382	-0.313539	-1.572939	1.381816	-0.333049	0.047687	-0.035190	0.048666	0.002341	1.266092
33.962880	-0.604256	-0.157073	-1.127794	-0.311338	-1.572842	1.438064	-0.342948	0.050067	-0.037640	0.053394	0.002513	1.293287
34.006476	-0.623360	-0.154386	-1.129972	-0.308390	-1.572706	1.511814	-0.353377	0.053317	-0.040662	0.055394	0.002323	1.267064
34.047474	-0.637563	-0.152370	-1.131583	-0.306296	-1.572610	1.566860	-0.366831	0.056350	-0.042602	0.060490	0.002785	1.256029
34.085333	-0.652574	-0.150125	-1.133169	-0.303901	-1.572513	1.624960	-0.375176	0.060530	-0.045525	0.063668	0.003073	1.261951
34.119085	-0.671797	-0.147406	-1.135160	-0.301001	-1.572357	1.699311	-0.392814	0.063790	-0.047869	0.069218	0.003958	1.324071
34.152418	-0.686012	-0.145154	-1.136896	-0.298810	-1.572241	1.754347	-0.369700	0.059280	-0.044294	0.067383	0.003878	1.218400
34.185751	-0.704768	-0.142709	-1.138992	-0.295998	-1.572076	1.826914	-0.338608	0.053732	-0.039921	0.061292	0.003684	1.085420
34.219085	-0.718647	-0.140606	-1.140299	-0.293739	-1.571960	1.880360	-0.335485	0.046572	-0.035637	0.050923	0.003491	0.916327
34.252418	-0.730019	-0.138927	-1.141810	-0.292188	-1.571873	1.924196	-0.382727	0.043739	-0.038428	0.042915	0.002197	0.768963
34.285751	-0.739046	-0.137751	-1.142725	-0.290791	-1.571795	1.959258	-0.424482	0.046793	-0.066742	0.045207	0.001422	0.594619
34.328579	-0.740900	-0.137558	-1.142831	-0.290336	-1.571776	1.967296	-0.376621	0.050879	-0.122957	0.052392	0.000603	0.330673
34.396291	-0.741391	-0.137372	-1.142874	-0.290316	-1.571766	1.968363	-0.281074	0.042722	-0.123593	0.080596	0.000127	0.135380
34.480196	-0.741441	-0.137309	-1.142986	-0.290268	-1.571776	1.968295	-0.246159	0.043866	-0.142538	0.105365	0.000077	0.049235
34.581519	-0.744831	-0.136333	-1.146109	-0.287446	-1.571776	1.964737	-0.223289	0.047856	-0.165556	0.125182	0.000340	-0.018579
34.698937	-0.757472	-0.132967	-1.157394	-0.277585	-1.571747	1.952093	-0.215635	0.048623	-0.173482	0.152908	0.000551	-0.064540
34.831718	-0.795619	-0.123437	-1.191112	-0.248186	-1.571611	1.914587	-0.207076	0.049739	-0.180806	0.165121	0.000730	-0.088790
34.984318	-0.835601	-0.113334	-1.226465	-0.217390	-1.571475	1.875279	-0.194275	0.052141	-0.190012	0.169796	0.000946	-0.126201
35.153208	-0.879509	-0.102223	-1.265440	-0.183386	-1.571339	1.831917	-0.189601	0.053406	-0.194963	0.185068	0.000931	-0.143314
35.339326	-0.938055	-0.087268	-1.317435	-0.137823	-1.571116	1.773885	-0.187040	0.053842	-0.196412	0.187791	0.000938	-0.150526
35.543165	-0.981608	-0.076126	-1.356142	-0.103954	-1.570961	1.730717	-0.184887	0.053797	-0.195418	0.179556	0.000930	-0.160500
35.756926	-1.025379	-0.065103	-1.394892	-0.070075	-1.570767	1.687530	-0.190192	0.054580	-0.193462	0.175560	0.000907	-0.167772
35.981455	-1.084559	-0.050035	-1.447316	-0.024153	-1.570525	1.629013	-0.193480	0.052595	-0.187554	0.161882	0.000854	-0.173109
36.204878	-1.131085	-0.038153	-1.488636	0.011965	-1.570350	1.582936	-0.203689	0.053389	-0.183910	0.162684	0.000791	-0.183655
36.431895	-1.174713	-0.027080	-1.527393	0.045825	-1.570215	1.539749	-0.206506	0.052646	-0.181549	0.160309	0.000693	-0.193238
36.663367	-1.219373	-0.015708	-1.566977	0.080450	-1.570050	1.495573	-0.207631	0.050133	-0.177907	0.152040	0.000642	-0.190979
36.891989	-1.263070	-0.004628	-1.605721	0.114309	-1.569933	1.452405	-0.210394	0.052274	-0.180314	0.153755	0.000707	-0.194787
37.119081	-1.306697	0.006464	-1.644434	0.148159	-1.569778	1.409247	-0.206688	0.054088	-0.186595	0.160051	0.000693	-0.192987
37.341921	-1.351277	0.017879	-1.683975	0.182804	-1.569584	1.365070	-0.204464	0.053580	-0.189752	0.168280	0.000803	-0.184436
37.560542	-1.396460	0.029245	-1.723982	0.217778	-1.569410	1.320448	-0.202093	0.052855	-0.190828	0.165819	0.000818	-0.177117
37.754913	-1.440106	0.040380	-1.762720	0.251647	-1.569216	1.277290	-0.209811	0.054267	-0.196788	0.192099	0.000942	-0.186865
37.946109	-1.498826	0.055336	-1.814802	0.297191	-1.569012	1.219229	-0.196764	0.043112	-0.188880	0.178841	0.000980	-0.173875
38.113746	-1.556513	0.070011	-1.866031	0.341949	-1.568838	1.162108	-0.205545	0.024297	-0.172309	0.194869	0.001028	-0.184191
38.260847	-1.601018	0.081302	-1.905503	0.376555	-1.568692	1.118068	-0.212271	-0.006205	-0.144284	0.213878	0.001348	-0.193071
38.400317	-1.642114	0.088954	-1.939570	0.408746	-1.568498	1.077576	-0.200759	-0.043887	-0.102650	0.189420	0.002317	-0.186518
38.521591	-1.665050	0.088948	-1.954823	0.427586	-1.568207	1.054993	-0.205211	-0.094447	-0.036474	0.184965	0.004442	-0.189501
38.638333	-1.688105	0.074963	-1.958680	0.449170	-1.567471	1.032479	-0.185585	-0.156973	0.052791	0.143464	0.006571	-0.183141
38.751670	-1.696280	0.040175	-1.934786	0.461504	-1.566365	1.024528	-0.162959	-0.210750	0.144118	0.104002	0.009297	-0.161451
38.863821	-1.695390	-0.003577	-1.893901	0.465285	-1.565114	1.026031	-0.137338	-0.272980	0.241355	0.048863	0.011374	-0.142403
38.956374	-1.691570	-0.049451	-1.847207	0.464907	-1.563757	1.030181	-0.122449	-0.385244	0.403442	0.027769	0.016064	-0.156027
39.066559	-1.687751	-0.096749	-1.796680	0.461746	-1.562254	1.034331	-0.066606	-0.367281	0.400536	-0.019443	0.015234	-0.103465
39.191161	-1.683066	-0.161198	-1.723832	0.453495	-1.560140	1.039547	-0.033797	-0.358662	0.418251	-0.053402	0.013852	-0.074157
39.339588	-1.679999	-0.207407	-1.668690	0.444981	-1.558472	1.043067	-0.009441	-0.320216	0.383947	-0.062767	0.011788	-0.042838
39.488121	-1.676261	-0.266755	-1.594704	0.430592	-1.556543	1.047333	0.001293	-0.332545	0.421795	-0.079504	0.011867	-0.028276
39.653599	-1.673498	-0.310906	-1.537296	0.417619	-1.554904	1.050194	0.010479	-0.286354	0.363137	-0.088348	0.010730	-0.008074
39.813482	-1.671147	-0.356207	-1.476169	0.402163	-1.553198	1.053093	0.014259	-0.283343	0.367229	-0.095964	0.010404	-0.004336
39.961591	-1.668820	-0.402640	-1.411732	0.384283	-1.551617	1.055944	0.014995	-0.279275	0.366422	-0.107797	0.011871	0.006082
40.084498	-1.666599	-0.447854	-1.346648	0.364910	-1.549988	1.058426	0.016001	-0.289022	0.400159	-0.119784	0.012815	0.015526
40.199162	-1.664186	-0.503159	-1.264805	0.338710	-1.547991	1.061344	0.014934	-0.273573	0.366829	-0.116587	0.012252	0.017259
40.292157	-1.663134	-0.524814	-1.232052	0.327686	-1.547244	1.062421	0.015078	-0.281765	0.389952	-0.124507	0.010056	0.018930
40.378405	-1.662170	-0.547769	-1.196549	0.315313	-1.546459	1.063429	0.013931	-0.262130	0.345051	-0.101683	0.007020	0.017909
40.468436	-1.662095	-0.551745	-1.190284	0.313025	-1.546274	1.063739	0.010632	-0.220312	0.235449	-0.047692	0.003446	0.014938
40.539981	-1.662083	-0.551950	-1.190004	0.312870	-1.546255	1.063739	0.010869	-0.232603	0.152007	0.042970	0.001024	0.016250
40.590244	-1.662077	-0.552466	-1.190185	0.314062	-1.546255	1.063710	0.012352	-0.258634	0.075040	0.181338	0.000343	0.019089
40.623577	-1.662070	-0.554986	-1.195031	0.321907	-1.546255	1.063710	0.013948	-0.248471	-0.066956	0.381680	-0.000518	0.025234
40.656910	-1.662064	-0.559595	-1.203852	0.335064	-1.546255	1.063720	0.009543	-0.190854	-0.200244	0.433389	-0.001034	0.021438
40.690244	-1.662033	-0.574389	-1.232450	0.377563	-1.546333	1.063798	0.006134	-0.128927	-0.231811	0.442732	-0.001229	0.017511
40.723577	-1.661977	-0.585699	-1.254360	0.410434	-1.546410	1.063885	0.004939	-0.124261	-0.225750	0.443485	-0.001422	0.012276
40.756910	-1.661903	-0.590850	-1.264370	0.425521	-1.546439	1.063914	0.004243	-0.151424	-0.179129	0.430035	-0.001228	0.008668
40.790244	-1.661834	-0.594265	-1.271039	0.436294	-1.546468	1.063933	0.004678	-0.181896	-0.122535	0.367409	-0.000776	0.005978
40.823577	-1.661834	-0.594794	-1.272277	0.438301	-1.546468	1.063943	0.004454	-0.199982	-0.057180	0.252183	-0.002198	0.003985
40.856910	-1.661846	-0.595043	-1.272463	0.438572	-1.546478	1.063943	0.004280	-0.192771	0.001831	0.111667	-0.011377	0.003171
40.890244	-1.661828	-0.597307	-1.269110	0.437370	-1.546759	1.064050	0.004193	-0.152544	0.069124	0.003799	-0.022043	0.003142
40.923577	-1.661119	-0.607472	-1.252593	0.431921	-1.548165	1.064554	0.004131	-0.121733	0.125770	-0.050033	-0.030834	0.003243
40.956910	-1.660665	-0.619161	-1.233843	0.425870	-1.549775	1.065262	0.004143	-0.107702	0.153925	-0.063071	-0.032127	0.003258
40.990244	-1.660049	-0.628312	-1.218994	0.420867	-1.551093	1.065650	0.003907	-0.098388	0.159862	-0.066322	-0.024176	0.003418
41.023577	-1.659756	-0.630278	-1.216269	0.419868	-1.551433	1.065785	0.003757	-0.097047	0.162136	-0.063995	-0.013963	0.003316
41.056910	-1.659856	-0.630322	-1.216083	0.419810	-1.551443	1.065834	0.003359	-0.096437	0.157764	-0.047843	-0.003815	0.003098
41.090244	-1.659937	-0.630334	-1.215946	0.419800	-1.551443	1.065834	0.003521	-0.090227	0.120029	-0.027515	-0.001034	0.002923
41.123577	-1.659974	-0.630340	-1.215896	0.419810	-1.551443	1.065843	0.003670	-0.062283	0.067595	-0.006776	0.000711	0.002865
41.156910	-1.659999	-0.630340	-1.215846	0.419829	-1.551433	1.065863	0.003546	-0.030404	0.015872	-0.001506	0.000388	0.002851
41.190244	-1.659962	-0.630378	-1.215728	0.420072	-1.551336	1.065843	0.002165	-0.005446	0.004355	-0.000103	0.000259	0.002851
41.223577	-1.660024	-0.630403	-1.215908	0.419887	-1.551384	1.065892	0.001257	-0.000085	0.000729	0.000000	-0.001228	0.002793
41.256910	-1.660024	-0.630390	-1.215908	0.419878	-1.551404	1.065882	-0.000000	0.000034	0.000213	0.000068	-0.002004	0.002211
41.290244	-1.660154	-0.630309	-1.215871	0.419849	-1.551627	1.065921	-0.000572	0.000068	0.000000	0.000068	-0.001163	0.001120
41.323577	-1.660074	-0.630309	-1.215915	0.419800	-1.551636	1.065979	-0.000361	0.000085	-0.000107	-0.000582	-0.000582	0.000378
41.356910	-1.660011	-0.630309	-1.215908	0.419800	-1.551520	1.065921	-0.000211	0.000085	-0.000373	-0.000548	-0.000323	0.000320
41.456910	-1.660055	-0.630309	-1.215902	0.419829	-1.551491	1.065873	-0.000041	0.000062	-0.000142	-0.000011	0.000582	0.000145
41.556910	-1.660036	-0.630309	-1.215902	0.419839	-1.551462	1.065843	-0.000012	0.000085	0.000018	0.000000	0.000409	0.000286
41.590244	-1.660036	-0.630309	-1.215902	0.419849	-1.551443	1.065843	0.000112	0.000289	0.000462	0.000274	0.000581	0.001207
41.623577	-1.660049	-0.630309	-1.215896	0.419868	-1.551443	1.065843	0.001020	0.000509	0.014806	0.000205	0.000194	0.001469
41.656910	-1.660042	-0.630309	-1.215896	0.419868	-1.551443	1.065843	0.001978	0.004632	0.059455	-0.028028	0.000065	0.001774
41.690244	-1.660036	-0.630309	-1.215896	0.419868	-1.551443	1.065843	0.003235	0.011215	0.152822	-0.111975	0.000000	0.001862
41.723577	-1.660042	-0.630309	-1.215890	0.419868	-1.551443	1.065843	0.004006	0.013522	0.290662	-0.278979	-0.000129	0.001818
41.756910	-1.660036	-0.630284	-1.215747	0.419858	-1.551443	1.065843	0.003994	0.011045	0.442436	-0.513127	-0.001163	0.001818
41.790244	-1.660018	-0.630123	-1.210726	0.411878	-1.551462	1.065863	0.004205	-0.004038	0.595454	-0.754872	-0.003103	0.001309
41.823577	-1.659906	-0.628611	-1.195099	0.388113	-1.551617	1.065970	0.004243	-0.009026	0.632140	-0.987377	-0.006335	0.000058
41.856910	-1.659514	-0.626197	-1.162420	0.340805	-1.551908	1.066222	0.004218	-0.012436	0.654340	-1.041688	-0.009825	-0.002211
41.890244	-1.659035	-0.625351	-1.114171	0.274472	-1.552393	1.066483	0.003820	-0.012453	0.655033	-1.076013	-0.011441	-0.005265
41.923577	-1.658537	-0.626259	-1.061043	0.205988	-1.552916	1.066716	0.000411	-0.008347	0.644884	-1.070161	-0.010408	-0.008988
41.956910	-1.658070	-0.631790	-1.007487	0.140111	-1.553265	1.066949	-0.003708	0.025212	0.586709	-0.994975	-0.008403	-0.014254
41.990244	-1.658014	-0.633619	-0.994647	0.124723	-1.553362	1.067026	-0.009294	0.132473	0.370966	-0.829579	-0.004461	-0.018297
42.023577	-1.657952	-0.634869	-0.986877	0.115017	-1.553459	1.067104	-0.016224	0.249099	0.097634	-0.530272	-0.002456	-0.022602
42.056910	-1.657915	-0.634875	-0.986628	0.114930	-1.553469	1.067104	-0.021836	0.383438	-0.253300	-0.198591	-0.000840	-0.028885
42.090244	-1.657927	-0.633370	-0.990168	0.116549	-1.553469	1.067065	-0.027584	0.555782	-0.672132	0.114952	0.000841	-0.034179
42.131012	-1.658139	-0.621040	-1.009415	0.124035	-1.553430	1.066687	-0.028515	0.560008	-0.819331	0.281827	0.002008	-0.030884
42.182260	-1.659837	-0.581549	-1.072154	0.147315	-1.553295	1.065087	-0.027887	0.535525	-0.821054	0.301188	0.002691	-0.028428
42.244386	-1.661890	-0.537275	-1.141132	0.172041	-1.553101	1.063002	-0.027250	0.512242	-0.789393	0.284477	0.003642	-0.027695
42.317574	-1.664690	-0.485603	-1.219927	0.198890	-1.552848	1.060520	-0.026849	0.497253	-0.753890	0.264581	0.003680	-0.025874
42.402780	-1.668148	-0.421564	-1.314032	0.228968	-1.552441	1.057233	-0.027247	0.474580	-0.707463	0.239268	0.003363	-0.023693
42.497683	-1.670935	-0.375125	-1.379837	0.248322	-1.552179	1.054538	-0.026928	0.468737	-0.676935	0.211204	0.003065	-0.021706
42.603413	-1.673698	-0.329898	-1.441904	0.265154	-1.551956	1.051764	-0.025681	0.461252	-0.636920	0.174861	0.002894	-0.019561
42.710234	-1.676951	-0.283558	-1.503386	0.280222	-1.551733	1.048662	-0.026234	0.454860	-0.613738	0.151855	0.002804	-0.019411
42.813049	-1.680472	-0.234549	-1.566062	0.293826	-1.551384	1.045229	-0.027292	0.455651	-0.592241	0.132130	0.003018	-0.020620
42.910010	-1.683931	-0.190063	-1.620695	0.303978	-1.551006	1.041836	-0.027790	0.446692	-0.567216	0.106426	0.003578	-0.022950
42.992682	-1.687545	-0.144040	-1.675060	0.312327	-1.550696	1.038083	-0.030942	0.454825	-0.561515	0.098865	0.004222	-0.031163
43.066703	-1.692839	-0.084593	-1.742004	0.319609	-1.550328	1.032954	-0.032429	0.451355	-0.543820	0.084621	0.004250	-0.046738
43.130729	-1.696286	-0.047074	-1.782278	0.322285	-1.549959	1.029512	-0.034862	0.460457	-0.539025	0.063481	0.004375	-0.080098
43.185973	-1.698644	-0.021948	-1.808388	0.323167	-1.549717	1.027039	-0.038542	0.483860	-0.512221	0.048525	0.004017	-0.150383
43.234952	-1.699962	-0.009176	-1.821408	0.323526	-1.549629	1.025749	-0.041457	0.507791	-0.511504	0.041574	0.002595	-0.222399
43.282337	-1.700230	-0.007950	-1.822945	0.323555	-1.549620	1.025633	-0.039132	0.510182	-0.519860	0.025470	-0.000955	-0.303466
43.326219	-1.700255	-0.007614	-1.823013	0.323555	-1.549639	1.025633	-0.036953	0.531758	-0.508529	0.008786	-0.018806	-0.386624
43.361271	-1.700261	-0.005605	-1.824637	0.323613	-1.550075	1.025507	-0.039731	0.536870	-0.482537	-0.009731	-0.059505	-0.557647
43.394605	-1.700697	0.010476	-1.839779	0.324282	-1.553382	1.024140	-0.034638	0.465861	-0.406070	-0.024914	-0.110796	-0.661814
43.427938	-1.701630	0.039030	-1.865565	0.324806	-1.559006	1.021115	-0.024137	0.396214	-0.330032	-0.037781	-0.156756	-0.740790
43.461271	-1.702874	0.075859	-1.897329	0.324030	-1.566239	1.010807	-0.017369	0.358990	-0.309858	-0.053831	-0.154171	-0.818952
43.494605	-1.704155	0.112643	-1.927258	0.319948	-1.573279	0.975028	-0.012803	0.353934	-0.304330	-0.066151	-0.124177	-0.894670
43.527938	-1.704765	0.122410	-1.934300	0.316360	-1.575228	0.931463	-0.010352	0.350626	-0.298873	-0.080114	-0.076342	-0.968730
43.561271	-1.704796	0.123741	-1.934916	0.312870	-1.575509	0.878279	-0.010115	0.342770	-0.264107	-0.094248	-0.031868	-1.073770
43.594605	-1.704821	0.123331	-1.932851	0.308312	-1.575363	0.805663	-0.010314	0.296859	-0.197525	-0.106191	-0.005430	-1.152906
43.627938	-1.704865	0.122454	-1.931296	0.304822	-1.575150	0.751258	-0.010352	0.217796	-0.102770	-0.110264	0.004977	-1.208204
43.661271	-1.704908	0.121825	-1.929454	0.301418	-1.574966	0.696745	-0.009481	0.113742	-0.017027	-0.109922	0.006464	-1.289900
43.694605	-1.704970	0.120948	-1.928104	0.297976	-1.574743	0.641651	-0.007627	0.011741	0.031549	-0.109682	0.006335	-1.372512
43.727938	-1.705045	0.120077	-1.926524	0.294398	-1.574520	0.586644	-0.005201	-0.017068	0.048541	-0.109545	0.006013	-1.480010
43.761271	-1.705138	0.119325	-1.924944	0.290995	-1.574277	0.530987	-0.002899	-0.021411	0.049306	-0.105438	0.006076	-1.558404
43.794605	-1.705288	0.118889	-1.923208	0.287591	-1.574122	0.476582	-0.001767	-0.022820	0.045520	-0.101708	0.005560	-1.630108
43.827938	-1.705412	0.117564	-1.921311	0.282898	-1.573918	0.404044	-0.001779	-0.023023	0.047244	-0.102222	0.005236	-1.713142
43.861271	-1.705437	0.116948	-1.919644	0.279592	-1.573754	0.349570	-0.001817	-0.022972	0.047635	-0.105986	0.004977	-1.745009
43.894605	-1.705437	0.116152	-1.918039	0.276072	-1.573579	0.294573	-0.001854	-0.023498	0.048985	-0.105541	0.005495	-1.700940
43.927938	-1.705443	0.115891	-1.917000	0.273706	-1.573424	0.257669	-0.001866	-0.023091	0.049483	-0.109853	0.006205	-1.732108
43.961271	-1.705474	0.114964	-1.915762	0.270167	-1.573191	0.202012	-0.001829	-0.023159	0.048897	-0.109853	0.005752	-1.706612
43.994605	-1.705605	0.114012	-1.913497	0.265620	-1.572939	0.128757	-0.001804	-0.023566	0.049128	-0.110298	0.005625	-1.712095
44.027938	-1.705648	0.113402	-1.911861	0.262129	-1.572784	0.074361	-0.001692	-0.021700	0.049288	-0.106054	0.005818	-1.717404
44.061271	-1.705686	0.112332	-1.909914	0.257601	-1.572580	0.001736	-0.001580	-0.022582	0.048968	-0.105883	0.005818	-1.721011
44.094605	-1.705729	0.111611	-1.908222	0.254120	-1.572396	-0.053242	-0.001505	-0.022294	0.047190	-0.114610	0.006141	-1.719382
44.127938	-1.705791	0.110833	-1.906642	0.250571	-1.572183	-0.108918	-0.001568	-0.024516	0.051172	-0.110743	0.006206	-1.749198
44.161271	-1.705841	0.110248	-1.905087	0.247158	-1.571960	-0.163421	-0.001754	-0.023617	0.051226	-0.114781	0.006658	-1.749242
44.194605	-1.705885	0.109607	-1.903556	0.243706	-1.571747	-0.219640	-0.001866	-0.023023	0.050194	-0.111598	0.006076	-1.751060
44.227938	-1.705947	0.108668	-1.901454	0.238848	-1.571514	-0.294602	-0.001953	-0.023990	0.050355	-0.109032	0.005559	-1.727425
44.261271	-1.705984	0.107977	-1.900483	0.236618	-1.571417	-0.330885	-0.001829	-0.022955	0.050408	-0.113104	0.005365	-1.753809
44.294605	-1.706078	0.106901	-1.898194	0.231964	-1.571194	-0.405275	-0.001841	-0.022158	0.049501	-0.108998	0.005624	-1.780061
44.327938	-1.706165	0.106304	-1.896607	0.228260	-1.571010	-0.463327	-0.001817	-0.022888	0.048168	-0.108655	0.006205	-1.807216
44.361271	-1.706221	0.105570	-1.895382	0.225613	-1.570845	-0.505670	-0.001817	-0.024143	0.050141	-0.112625	0.006400	-1.808045
44.394605	-1.706314	0.104606	-1.893242	0.220939	-1.570535	-0.578848	-0.001842	-0.024465	0.051918	-0.112865	0.006335	-1.782665
44.427938	-1.706376	0.103915	-1.891699	0.217458	-1.570341	-0.635164	-0.001854	-0.023108	0.050390	-0.112659	0.006012	-1.755510
44.461271	-1.706451	0.103486	-1.890324	0.214006	-1.570176	-0.689570	-0.001842	-0.024364	0.051865	-0.112112	0.006076	-1.728341
44.494605	-1.706519	0.102441	-1.888757	0.210555	-1.570021	-0.743976	-0.001804	-0.023091	0.051136	-0.115294	0.005947	-1.677349
44.527938	-1.706569	0.101396	-1.886424	0.205726	-1.569788	-0.820790	-0.001866	-0.023346	0.050585	-0.114405	0.005883	-1.731847
44.561271	-1.706594	0.100637	-1.884962	0.202303	-1.569575	-0.875816	-0.001692	-0.023210	0.050728	-0.114884	0.006658	-1.760819
44.594605	-1.706638	0.100195	-1.883326	0.198803	-1.569342	-0.930270	-0.001680	-0.023040	0.050230	-0.110709	0.006594	-1.730058
44.627938	-1.706712	0.099044	-1.881229	0.194265	-1.569080	-1.002837	-0.001754	-0.021700	0.046568	-0.110503	0.006335	-1.728225
44.661271	-1.706768	0.098434	-1.879718	0.190842	-1.568925	-1.057253	-0.001704	-0.022650	0.047297	-0.102393	0.005560	-1.722800
44.694605	-1.706806	0.097744	-1.878281	0.187274	-1.568770	-1.112919	-0.001742	-0.022463	0.048648	-0.103317	0.005430	-1.744617
44.727938	-1.706849	0.097060	-1.876644	0.183812	-1.568595	-1.168546	-0.001792	-0.021768	0.047599	-0.102838	0.004202	-1.744617
44.761271	-1.706918	0.096158	-1.875126	0.180331	-1.568392	-1.223631	-0.001854	-0.021038	0.047422	-0.102735	0.004848	-1.744602
44.794605	-1.706924	0.095959	-1.874560	0.179207	-1.568333	-1.241773	-0.001829	-0.022497	0.045946	-0.099278	0.005559	-1.687442
44.827938	-1.707005	0.095181	-1.872744	0.175376	-1.568091	-1.301647	-0.001842	-0.021751	0.045751	-0.098731	0.005882	-1.719237
44.861271	-1.707098	0.094204	-1.870660	0.170800	-1.567820	-1.374195	-0.001829	-0.022362	0.046657	-0.102495	0.005947	-1.718248
44.894605	-1.707166	0.093414	-1.869229	0.167377	-1.567655	-1.429793	-0.001792	-0.022379	0.047031	-0.107013	0.006012	-1.713710
44.927938	-1.707247	0.092923	-1.867437	0.163838	-1.567500	-1.484228	-0.001792	-0.022514	0.047742	-0.110982	0.005301	-1.684970
44.961271	-1.707347	0.091946	-1.866162	0.160435	-1.567344	-1.539303	-0.001804	-0.022005	0.049928	-0.114507	0.005559	-1.673872
44.994605	-1.707446	0.091069	-1.864153	0.155887	-1.567092	-1.611850	-0.001779	-0.022938	0.051030	-0.106773	0.006141	-1.626880
45.027938	-1.707484	0.090235	-1.862479	0.152387	-1.566869	-1.666324	-0.001717	-0.023532	0.047777	-0.106807	0.006270	-1.560979
45.061271	-1.707515	0.089539	-1.860793	0.148886	-1.566627	-1.723212	-0.001817	-0.022718	0.046764	-0.106465	0.006270	-1.481552
45.094605	-1.707552	0.088804	-1.859387	0.145347	-1.566452	-1.778267	-0.001754	-0.022328	0.047244	-0.106294	0.005429	-1.427388
45.127938	-1.707608	0.088089	-1.857652	0.141730	-1.566288	-1.835699	-0.001605	-0.022446	0.047493	-0.106089	0.004848	-1.391798
45.161271	-1.707664	0.087548	-1.856016	0.138211	-1.566132	-1.890095	-0.001481	-0.021445	0.045520	-0.101708	0.004849	-1.365968
45.194605	-1.707708	0.086552	-1.854547	0.134865	-1.565968	-1.945111	-0.002028	-0.019087	0.040490	-0.095343	0.005624	-1.267065
45.227938	-1.707739	0.085874	-1.853260	0.131336	-1.565774	-1.999507	-0.005250	-0.016848	0.035104	-0.084289	0.005689	-1.211956
45.261271	-1.707776	0.085227	-1.851592	0.128136	-1.565551	-2.051625	-0.009306	-0.015694	0.038481	-0.076384	0.005042	-1.127628
45.294605	-1.707832	0.084692	-1.849932	0.124684	-1.565337	-2.106738	-0.010775	-0.018680	0.068306	-0.068615	0.003943	-1.028828
45.327938	-1.707882	0.084083	-1.849191	0.122900	-1.565269	-2.132870	-0.004118	-0.037648	0.129005	-0.085624	0.002456	-0.934391
45.361271	-1.707900	0.084070	-1.848967	0.122677	-1.565250	-2.137728	0.010041	-0.112809	0.262401	-0.123884	-0.013640	-0.809789
45.394605	-1.707907	0.084058	-1.849005	0.122629	-1.565260	-2.138125	0.024560	-0.213402	0.385700	-0.174807	-0.061215	-0.713374
45.427938	-1.708261	0.083784	-1.846435	0.119991	-1.567471	-2.142760	0.034278	-0.374344	0.557168	-0.186819	-0.144216	-0.616043
45.463486	-1.709972	0.081955	-1.834958	0.111711	-1.574471	-2.157625	0.043657	-0.511259	0.699689	-0.174954	-0.238397	-0.520107
45.507382	-1.712100	0.074285	-1.811467	0.097477	-1.586882	-2.182990	0.041467	-0.509691	0.678126	-0.151739	-0.223297	-0.327284
45.564269	-1.712871	0.046185	-1.763099	0.079558	-1.603386	-2.213572	0.036926	-0.490960	0.644349	-0.129360	-0.152039	-0.198341
45.629613	-1.709574	0.008305	-1.718700	0.073255	-1.609417	-2.220282	0.036146	-0.492106	0.644862	-0.133322	-0.093386	-0.126085
45.705730	-1.702532	-0.051385	-1.656976	0.070725	-1.610532	-2.212690	0.034060	-0.480506	0.631796	-0.120389	-0.038924	-0.067796
45.792237	-1.695328	-0.114690	-1.589534	0.066158	-1.609940	-2.201170	0.032663	-0.473272	0.616533	-0.107748	-0.002242	-0.028689
45.888873	-1.690525	-0.161416	-1.536985	0.060088	-1.609426	-2.193161	0.031454	-0.468763	0.600701	-0.097977	0.004615	0.000401
45.993235	-1.684429	-0.223140	-1.464144	0.048510	-1.608806	-2.183058	0.031955	-0.472469	0.594964	-0.098266	0.005038	0.007182
46.099842	-1.680435	-0.269648	-1.406544	0.037263	-1.608418	-2.175698	0.034114	-0.482704	0.602664	-0.117823	0.004770	0.009291
46.212023	-1.676267	-0.318259	-1.344048	0.023242	-1.607875	-2.168562	0.035454	-0.487087	0.628415	-0.135325	0.003573	0.009283
46.322086	-1.672404	-0.366571	-1.279698	0.006865	-1.607526	-2.161678	0.037478	-0.497483	0.669520	-0.175180	0.003817	0.015483
46.433068	-1.668994	-0.416339	-1.210907	-0.012411	-1.607245	-2.154890	0.035463	-0.499469	0.719831	-0.202374	0.003281	0.025568
46.536720	-1.665517	-0.468104	-1.136939	-0.034955	-1.606779	-2.148335	0.033546	-0.524106	0.759259	-0.258399	0.003721	0.039982
46.629402	-1.662313	-0.519868	-1.060241	-0.060030	-1.606382	-2.142101	0.032362	-0.540475	0.819094	-0.298360	0.004370	0.053967
46.714287	-1.658238	-0.592759	-0.948207	-0.099503	-1.606023	-2.134063	0.031543	-0.543263	0.809130	-0.327579	0.004899	0.056023
46.787422	-1.655420	-0.653681	-0.850824	-0.136107	-1.605616	-2.127935	0.030498	-0.570451	0.884825	-0.355646	0.004567	0.054988
46.874171	-1.652440	-0.724445	-0.733609	-0.182610	-1.605199	-2.121574	0.021523	-0.430270	0.671651	-0.272818	0.002981	0.038293
46.953428	-1.650997	-0.758984	-0.674708	-0.207054	-1.605092	-2.118772	0.018953	-0.410018	0.634412	-0.261002	0.002447	0.032591
47.025063	-1.650537	-0.774157	-0.648157	-0.218418	-1.605053	-2.117598	0.014728	-0.377869	0.566174	-0.205392	0.000782	0.027971
47.103422	-1.650375	-0.776913	-0.643392	-0.220590	-1.605024	-2.117433	0.008061	-0.277818	0.358568	-0.097261	0.000687	0.016520
47.168395	-1.650338	-0.777174	-0.643137	-0.220687	-1.605024	-2.117414	0.003900	-0.211764	0.221393	0.040609	0.005007	0.013633
47.219931	-1.650363	-0.777155	-0.644418	-0.218758	-1.604918	-2.117482	-0.001336	-0.131762	-0.122953	0.230822	0.016724	0.008269
47.253264	-1.650972	-0.773802	-0.658789	-0.203884	-1.603599	-2.118888	-0.014893	0.021429	-0.456406	0.643137	0.040272	0.001178
47.286598	-1.652428	-0.765858	-0.686149	-0.175415	-1.601146	-2.121564	-0.024872	0.137003	-0.674283	0.835362	0.073756	-0.008872
47.319931	-1.653734	-0.759332	-0.710759	-0.149837	-1.598983	-2.123959	-0.032200	0.210840	-0.856735	0.943333	0.105883	-0.021104
47.353264	-1.656577	-0.744110	-0.767015	-0.091193	-1.593932	-2.129340	-0.035659	0.248115	-0.975325	1.105409	0.122497	-0.030034
47.386598	-1.659520	-0.728377	-0.825710	-0.029865	-1.588647	-2.134916	-0.036816	0.257107	-1.007887	1.234393	0.120234	-0.043764
47.419931	-1.661716	-0.716588	-0.869798	0.016299	-1.584681	-2.139202	-0.037127	0.262689	-1.012295	1.216392	0.122884	-0.047502
47.453264	-1.663346	-0.708750	-0.898856	0.046591	-1.582034	-2.141994	-0.037189	0.254970	-0.968677	1.125806	0.112154	-0.050556
47.486598	-1.665685	-0.696849	-0.943616	0.093268	-1.578078	-2.146251	-0.037127	0.233270	-0.876322	0.983613	0.092761	-0.051865
47.522507	-1.667856	-0.685937	-0.984513	0.135884	-1.574481	-2.150081	-0.033586	0.199955	-0.707346	0.714549	0.065766	-0.048227
47.555840	-1.668540	-0.682901	-0.996152	0.148101	-1.573424	-2.151264	-0.033033	0.173820	-0.596112	0.606998	0.044473	-0.052840
47.589173	-1.668826	-0.680836	-1.003474	0.155965	-1.572755	-2.152010	-0.030396	0.130861	-0.470164	0.444135	0.023077	-0.057625
47.622507	-1.668945	-0.680313	-1.004837	0.157351	-1.572619	-2.152127	-0.024685	0.098693	-0.344002	0.277644	0.007950	-0.067486
47.655840	-1.668938	-0.680326	-1.004837	0.157361	-1.572619	-2.152117	-0.019123	0.077010	-0.214695	0.141543	0.001551	-0.086583
47.689173	-1.668932	-0.680351	-1.004837	0.157351	-1.572619	-2.152098	-0.018290	0.044536	-0.108885	0.050307	-0.000258	-0.090248
47.722507	-1.668926	-0.680376	-1.004837	0.157351	-1.572619	-2.152098	-0.019895	0.021904	-0.040507	0.010301	-0.000517	-0.091615
47.755840	-1.669063	-0.680394	-1.004806	0.157390	-1.572706	-2.151981	-0.020554	0.069799	-0.024920	-0.007974	-0.000388	-0.086467
47.789173	-1.668945	-0.680401	-1.004744	0.157390	-1.572697	-2.152030	-0.019770	0.142941	-0.039121	-0.062421	-0.000323	-0.080212
47.822507	-1.668932	-0.680512	-1.004849	0.157235	-1.572677	-2.152039	-0.019123	0.220697	-0.058353	-0.135896	0.000130	-0.073493
47.855840	-1.668920	-0.680519	-1.004831	0.157206	-1.572668	-2.152098	-0.018887	0.271596	-0.072750	-0.211082	0.003103	-0.065159
47.889173	-1.669081	-0.677906	-1.005490	0.154539	-1.572600	-2.153533	-0.018613	0.287256	-0.077158	-0.260841	0.006981	-0.052462
47.922507	-1.670861	-0.657308	-1.010716	0.139675	-1.572270	-2.161484	-0.017132	0.289191	-0.077549	-0.277884	0.009697	-0.040303
47.955840	-1.673293	-0.628424	-1.017982	0.118847	-1.571640	-2.172508	-0.012778	0.289920	-0.077673	-0.279355	0.011442	-0.026282
47.989173	-1.675962	-0.599391	-1.025260	0.097545	-1.571223	-2.183756	0.000970	0.296164	-0.085938	-0.279047	0.011571	-0.001745
48.022507	-1.677741	-0.580740	-1.030299	0.083446	-1.570913	-2.191241	0.015415	0.312095	-0.104957	-0.273127	0.009244	0.026442
48.055840	-1.678102	-0.575023	-1.031842	0.078763	-1.570748	-2.193695	0.042215	0.355953	-0.159008	-0.247118	0.004202	0.054978
48.089173	-1.678270	-0.574339	-1.031979	0.078200	-1.570719	-2.194024	0.062570	0.393618	-0.207034	-0.182815	0.002392	0.084227
48.122507	-1.678251	-0.574090	-1.032010	0.078210	-1.570719	-2.194024	0.096301	0.418559	-0.287089	-0.069950	-0.000711	0.124267
48.155840	-1.677505	-0.571807	-1.034866	0.078550	-1.570748	-2.193006	0.142062	0.397368	-0.323793	-0.018412	-0.003815	0.155102
48.190324	-1.675321	-0.566078	-1.041553	0.079442	-1.570913	-2.190417	0.186245	0.394536	-0.397723	0.027324	-0.006437	0.181052
48.231181	-1.668441	-0.550003	-1.060689	0.081837	-1.571291	-2.182534	0.180738	0.382087	-0.421150	0.028954	-0.010179	0.189920
48.280349	-1.661355	-0.533579	-1.079818	0.083921	-1.571718	-2.174409	0.178938	0.377386	-0.418541	0.019767	-0.010474	0.185432
48.335855	-1.647837	-0.503837	-1.113324	0.086617	-1.572590	-2.159030	0.183912	0.362836	-0.398484	0.008508	-0.011685	0.194097
48.399642	-1.637647	-0.482723	-1.136392	0.087732	-1.573143	-2.147443	0.188727	0.352727	-0.379685	0.001037	-0.013039	0.200340
48.471541	-1.620769	-0.449733	-1.171316	0.088275	-1.574054	-2.128235	0.195198	0.342132	-0.356965	-0.010947	-0.013216	0.199485
48.550158	-1.598050	-0.409023	-1.212145	0.086462	-1.575228	-2.102365	0.197062	0.343650	-0.337624	-0.022389	-0.011128	0.197351
48.634715	-1.574523	-0.370913	-1.248040	0.082263	-1.576323	-2.075856	0.200345	0.336422	-0.319230	-0.037774	-0.009963	0.204723
48.723183	-1.562529	-0.352804	-1.264220	0.079412	-1.576760	-2.062407	0.207308	0.326175	-0.296570	-0.055536	-0.008671	0.206193
48.811600	-1.543990	-0.326595	-1.286641	0.074244	-1.577593	-2.041657	0.214269	0.316101	-0.271596	-0.069786	-0.009139	0.221678
48.899447	-1.524618	-0.301220	-1.307251	0.067893	-1.578195	-2.019976	0.222557	0.315518	-0.244829	-0.083263	-0.008781	0.243707
48.986982	-1.497526	-0.268895	-1.331587	0.057770	-1.579087	-1.989957	0.238704	0.294571	-0.216596	-0.095575	-0.007778	0.263411
49.073298	-1.467752	-0.237088	-1.353187	0.045514	-1.579998	-1.957047	0.254414	0.267479	-0.192103	-0.100810	-0.007738	0.274675
49.157559	-1.445867	-0.216160	-1.366064	0.035808	-1.580425	-1.933069	0.268312	0.255155	-0.164450	-0.107533	-0.006547	0.300775
49.242556	-1.423396	-0.196402	-1.377081	0.025550	-1.580958	-1.908304	0.276779	0.248443	-0.139969	-0.121460	-0.005526	0.313214
49.328335	-1.400217	-0.177833	-1.386183	0.014632	-1.581404	-1.882871	0.285983	0.231573	-0.115954	-0.124927	-0.004270	0.318094
49.413806	-1.384267	-0.166094	-1.391383	0.006943	-1.581598	-1.865485	0.300177	0.220517	-0.087001	-0.131996	-0.004386	0.327333
49.500607	-1.368092	-0.155058	-1.395545	-0.000970	-1.581802	-1.847799	0.311726	0.195874	-0.061418	-0.141606	-0.003425	0.337100
49.586328	-1.334412	-0.134417	-1.401785	-0.017638	-1.582267	-1.811225	0.324322	0.171951	-0.039037	-0.156178	-0.003016	0.345271
49.671011	-1.308246	-0.120519	-1.404354	-0.030660	-1.582480	-1.782825	0.331365	0.159011	-0.014336	-0.163183	-0.002112	0.364426
49.753567	-1.281645	-0.108089	-1.405132	-0.043924	-1.582568	-1.754066	0.341481	0.144989	0.008468	-0.184425	-0.001357	0.381932
49.835157	-1.245172	-0.093893	-1.403999	-0.062114	-1.582606	-1.714621	0.353645	0.127908	0.028814	-0.185408	0.000000	0.389227
49.918378	-1.206552	-0.081874	-1.398674	-0.081245	-1.582538	-1.673034	0.363172	0.112822	0.054228	-0.190819	0.001657	0.389454
50.002216	-1.177680	-0.074950	-1.392845	-0.095479	-1.582345	-1.641909	0.367751	0.099006	0.075128	-0.193334	0.002647	0.392243
50.085992	-1.138121	-0.068039	-1.382705	-0.114784	-1.581908	-1.599497	0.382539	0.071368	0.105488	-0.189774	0.003832	0.398483
50.171527	-1.107601	-0.064735	-1.373063	-0.129552	-1.581608	-1.566763	0.387123	0.049073	0.127236	-0.189191	0.005139	0.400484
50.256993	-1.076608	-0.063037	-1.361498	-0.144455	-1.581162	-1.533601	0.394561	0.027964	0.151907	-0.197807	0.005572	0.407520
50.344859	-1.044881	-0.062813	-1.348160	-0.159630	-1.580512	-1.499616	0.395519	0.003347	0.170696	-0.188625	0.007210	0.380169
50.430517	-1.013061	-0.063753	-1.333043	-0.174669	-1.579988	-1.465650	0.403844	-0.024389	0.205636	-0.188561	0.009056	0.381540
50.512409	-0.970043	-0.068648	-1.310125	-0.195099	-1.578970	-1.419699	0.404900	-0.051546	0.246981	-0.206620	0.009814	0.382512
50.587312	-0.937744	-0.074347	-1.290828	-0.210448	-1.578010	-1.385200	0.413294	-0.078207	0.288166	-0.235632	0.012111	0.393669
50.657920	-0.903553	-0.081800	-1.268401	-0.226873	-1.577118	-1.348616	0.411864	-0.096828	0.311785	-0.237459	0.014282	0.399115
50.721471	-0.871403	-0.090658	-1.245558	-0.242397	-1.576139	-1.314310	0.416576	-0.113907	0.330063	-0.251119	0.018919	0.455685
50.781745	-0.828590	-0.104855	-1.211995	-0.263467	-1.574617	-1.268573	0.411018	-0.121199	0.326494	-0.230953	0.019912	0.479298
50.840241	-0.786953	-0.121384	-1.175901	-0.284460	-1.572959	-1.224329	0.405549	-0.123393	0.300460	-0.207940	0.018970	0.496730
50.901034	-0.762760	-0.132476	-1.153076	-0.297123	-1.572086	-1.198556	0.401351	-0.110239	0.257992	-0.170400	0.014851	0.487610
50.964239	-0.747799	-0.139941	-1.138233	-0.305181	-1.571388	-1.182519	0.396920	-0.091991	0.211613	-0.132780	0.010295	0.466087
51.028284	-0.742200	-0.142666	-1.132423	-0.308206	-1.571204	-1.176333	0.394414	-0.065231	0.157350	-0.101455	0.005248	0.470253
51.094759	-0.741466	-0.143170	-1.131751	-0.308749	-1.571155	-1.175440	0.391255	-0.036523	0.101347	-0.067458	0.001232	0.472094
51.165813	-0.741012	-0.143151	-1.131689	-0.308720	-1.571136	-1.174956	0.388560	-0.001512	0.044143	-0.027774	0.000516	0.440218
51.239836	-0.735997	-0.142367	-1.132722	-0.308535	-1.571145	-1.169758	0.383766	0.031981	-0.017585	-0.002281	-0.000088	0.438758
51.318006	-0.720762	-0.138305	-1.136666	-0.308118	-1.571155	-1.154400	0.376524	0.059860	-0.066356	0.004655	-0.000303	0.423720
51.396186	-0.678895	-0.127754	-1.147571	-0.306936	-1.571194	-1.112783	0.378606	0.081229	-0.087560	0.010433	-0.000523	0.428879
51.478880	-0.636748	-0.117365	-1.158464	-0.305850	-1.571242	-1.070721	0.376345	0.095520	-0.104203	0.011546	-0.000704	0.403622
51.566689	-0.591142	-0.106037	-1.170159	-0.304618	-1.571320	-1.025100	0.375838	0.101801	-0.110575	0.012952	-0.000834	0.379611
51.661523	-0.547614	-0.095343	-1.181289	-0.303474	-1.571407	-0.981282	0.375839	0.105285	-0.114391	0.012955	-0.000818	0.346006
51.762889	-0.489423	-0.081003	-1.196194	-0.301777	-1.571494	-0.922988	0.376221	0.107389	-0.114490	0.012649	-0.000808	0.326287
51.871081	-0.445291	-0.070086	-1.207491	-0.300633	-1.571562	-0.878773	0.379276	0.106583	-0.109014	0.011883	-0.000737	0.321503
51.985684	-0.387094	-0.055777	-1.222322	-0.299014	-1.571669	-0.820402	0.384248	0.101476	-0.104280	0.011228	-0.000790	0.321945
52.105616	-0.342962	-0.044841	-1.233632	-0.297811	-1.571747	-0.776167	0.389009	0.098117	-0.100019	0.010812	-0.000665	0.330352
52.225011	-0.295938	-0.033320	-1.245669	-0.296512	-1.571834	-0.729005	0.394767	0.099017	-0.101416	0.011357	-0.000596	0.357416
52.343770	-0.252771	-0.022626	-1.256737	-0.295387	-1.571882	-0.685779	0.401544	0.100905	-0.108014	0.011148	-0.000630	0.381054
52.461588	-0.207563	-0.011459	-1.268314	-0.294166	-1.571950	-0.640565	0.406962	0.098378	-0.105709	0.010918	-0.000527	0.391891
