0.000000	0.319136	0.094291	-1.439640	-0.237733	-1.604869	-0.093996	0.000000	0.000000	0.000000	0.000000	0.000000	0.000000
0.100000	0.319136	0.094291	-1.439640	-0.237733	-1.604869	-0.093996	0.000000	0.000000	0.000000	0.000000	0.000000	0.000000
0.200000	0.319136	0.094291	-1.439640	-0.237733	-1.604869	-0.093996	0.000000	0.000000	0.000000	0.000000	0.000000	0.000000
0.300000	0.319136	0.094291	-1.439640	-0.237733	-1.604869	-0.093996	0.000000	0.000000	0.000000	0.000000	0.000000	0.000000
0.400000	0.319136	0.094291	-1.439640	-0.237733	-1.604869	-0.093996	0.000000	0.000000	0.000000	0.000000	0.000000	0.000000
0.500000	0.319136	0.094291	-1.439640	-0.237733	-1.604869	-0.093996	0.000000	0.000000	0.000000	0.000000	0.000000	0.000000
0.600000	0.319136	0.094291	-1.439640	-0.237733	-1.604869	-0.093996	0.000000	0.000000	0.000000	0.000000	0.000000	0.000000
0.700000	0.319136	0.094291	-1.439640	-0.237733	-1.604869	-0.093996	0.000000	0.000000	0.000000	0.000000	0.000000	0.000000
0.800000	0.319136	0.094291	-1.439640	-0.237733	-1.604869	-0.093996	0.000000	0.000000	0.000000	0.000000	0.000000	0.000000
0.900000	0.319136	0.094291	-1.439640	-0.237733	-1.604869	-0.093996	0.000000	0.000000	0.000000	0.000000	0.000000	0.000000
1.000000	0.319136	0.094291	-1.439640	-0.237733	-1.604869	-0.093996	0.000000	0.000000	0.000000	0.000000	0.000000	0.000000
1.100000	0.319136	0.094291	-1.439640	-0.237733	-1.604869	-0.093996	0.000000	0.000000	0.000000	0.000000	0.000000	0.000000
1.200000	0.319136	0.094285	-1.439640	-0.237733	-1.604869	-0.093996	0.000000	0.000000	0.000000	0.000000	0.000000	0.000000
1.300000	0.319136	0.094285	-1.439640	-0.237733	-1.604869	-0.093996	0.000000	0.000000	0.000000	0.000000	0.000000	0.000000
1.400000	0.319136	0.094285	-1.439640	-0.237733	-1.604869	-0.093996	0.000000	0.000000	0.000000	0.000000	0.000000	0.000000
1.500000	0.319136	0.094285	-1.439640	-0.237733	-1.604869	-0.093996	0.000000	0.000000	0.000000	0.000000	0.000000	0.000000
1.600000	0.319136	0.094285	-1.439640	-0.237733	-1.604869	-0.093996	0.000000	0.000000	0.000000	0.000000	0.000000	0.000000
1.700000	0.319136	0.094285	-1.439640	-0.237733	-1.604869	-0.093996	0.000000	0.000000	0.000000	0.000000	0.000000	0.000000
1.800000	0.319136	0.094285	-1.439640	-0.237733	-1.604869	-0.093996	0.000000	0.000000	0.000000	0.000000	0.000000	0.000000
1.900000	0.319136	0.094285	-1.439640	-0.237733	-1.604869	-0.093996	0.000000	0.000000	0.000000	0.000000	0.000000	0.000000
2.000000	0.319136	0.094285	-1.439640	-0.237733	-1.604869	-0.093996	0.000000	0.000000	0.000000	0.000000	0.000000	0.000000
2.100000	0.319136	0.094285	-1.439640	-0.237733	-1.604869	-0.093996	0.000000	0.000000	0.000000	0.000000	0.000000	0.000000
2.200000	0.319136	0.094285	-1.439640	-0.237733	-1.604869	-0.093996	0.000000	0.000000	0.000000	0.000000	0.000000	0.000000
2.300000	0.319136	0.094285	-1.439640	-0.237733	-1.604869	-0.093996	0.000000	0.000000	0.000000	0.000000	0.000000	0.000000
2.400000	0.319136	0.094285	-1.439640	-0.237733	-1.604869	-0.093996	0.000000	0.000000	0.000000	0.000000	0.000000	0.000000
2.500000	0.319136	0.094285	-1.439640	-0.237733	-1.604869	-0.093996	0.000000	0.000000	0.000000	0.000000	0.000000	0.000000
2.600000	0.319136	0.094285	-1.439640	-0.237733	-1.604869	-0.093996	0.000000	0.000000	0.000000	0.000000	0.000000	0.000000
2.700000	0.319136	0.094291	-1.439640	-0.237733	-1.604869	-0.093996	0.000000	0.000000	0.000000	0.000000	0.000000	0.000000
2.800000	0.319136	0.094291	-1.439640	-0.237733	-1.604869	-0.093996	0.000000	0.000000	0.000000	0.000000	0.000000	0.000000
2.900000	0.319136	0.094291	-1.439640	-0.237733	-1.604869	-0.093996	0.000000	0.000000	0.000000	0.000000	0.000000	0.000000
3.000000	0.319136	0.094291	-1.439640	-0.237733	-1.604869	-0.093996	0.000000	0.000000	0.000000	0.000000	0.000000	0.000000
3.100000	0.319136	0.094291	-1.439633	-0.237733	-1.604869	-0.093996	0.000000	0.000000	0.000000	0.000000	0.000000	0.000000
3.200000	0.319136	0.094291	-1.439640	-0.237733	-1.604869	-0.093996	0.000000	0.000000	0.000000	0.000000	0.000000	0.000000
3.300000	0.319136	0.094291	-1.439640	-0.237733	-1.604869	-0.093996	0.000000	0.000000	0.000000	0.000000	0.000000	0.000000
3.400000	0.319136	0.094291	-1.439640	-0.237733	-1.604869	-0.093996	0.000000	0.000000	0.000000	0.000000	0.000000	0.000000
3.500000	0.319136	0.094291	-1.439640	-0.237733	-1.604869	-0.093996	0.000000	0.000000	0.000000	0.000000	0.000000	0.000000
3.600000	0.319136	0.094291	-1.439640	-0.237733	-1.604869	-0.093996	0.000000	0.000000	0.000000	0.000000	0.000000	0.000000
3.700000	0.319136	0.094291	-1.439633	-0.237733	-1.604869	-0.093996	0.000000	0.000000	0.000000	0.000000	0.000000	0.000000
3.800000	0.319136	0.094291	-1.439640	-0.237733	-1.604869	-0.093996	0.000000	0.000000	0.000000	0.000000	0.000000	0.000000
3.900000	0.319136	0.094291	-1.439640	-0.237733	-1.604869	-0.093996	0.000000	0.000000	0.000000	0.000000	0.000000	0.000000
4.000000	0.319136	0.094291	-1.439640	-0.237733	-1.604869	-0.093996	0.000000	0.000000	0.000000	0.000000	0.000000	0.000000
4.100000	0.319136	0.094291	-1.439633	-0.237733	-1.604869	-0.093996	0.000000	0.000000	0.000000	0.000000	0.000000	0.000000
4.200000	0.319136	0.094291	-1.439633	-0.237733	-1.604869	-0.093996	0.000000	0.000000	0.000000	0.000000	0.000000	0.000000
4.300000	0.319136	0.094291	-1.439640	-0.237733	-1.604869	-0.093996	0.000000	0.000000	0.000000	0.000000	0.000000	0.000000
4.400000	0.319136	0.094291	-1.439640	-0.237733	-1.604869	-0.093996	0.000000	0.000000	0.000000	0.000000	0.000000	0.000000
4.500000	0.319136	0.094291	-1.439640	-0.237733	-1.604869	-0.093996	0.000000	0.000000	0.000000	0.000000	0.000000	0.000000
4.600000	0.319136	0.094291	-1.439633	-0.237733	-1.604869	-0.093996	0.000000	0.000000	0.000000	0.000000	0.000000	0.000000
4.700000	0.319136	0.094291	-1.439640	-0.237733	-1.604869	-0.093996	0.000000	0.000000	0.000000	0.000000	0.000000	0.000000
4.800000	0.319136	0.094291	-1.439640	-0.237733	-1.604869	-0.093996	0.000000	0.000000	0.000000	0.000000	0.000000	0.000000
4.900000	0.319136	0.094291	-1.439633	-0.237733	-1.604869	-0.093996	0.000000	0.000000	0.000000	0.000000	0.000000	0.000000
5.000000	0.319136	0.094291	-1.439633	-0.237733	-1.604869	-0.093996	0.000000	0.000000	0.000000	0.000000	0.000000	0.000000
5.100000	0.319136	0.094291	-1.439633	-0.237733	-1.604869	-0.093996	0.000000	0.000000	0.000000	0.000000	0.000000	0.000000
5.200000	0.319136	0.094291	-1.439633	-0.237733	-1.604869	-0.093996	0.000000	0.000000	0.000000	0.000000	0.000000	0.000000
5.300000	0.319136	0.094285	-1.439633	-0.237733	-1.604869	-0.093996	0.000000	0.000000	0.000000	0.000000	0.000000	0.000000
5.400000	0.319136	0.094285	-1.439633	-0.237733	-1.604869	-0.093996	0.000000	0.000000	0.000000	0.000000	0.000000	0.000000
5.500000	0.319136	0.094285	-1.439633	-0.237733	-1.604869	-0.093996	0.000000	0.000000	0.000000	0.000000	0.000000	0.000000
5.600000	0.319136	0.094285	-1.439633	-0.237733	-1.604869	-0.093996	0.000000	0.000000	0.000000	0.000000	0.000000	0.000000
5.633333	0.319136	0.094285	-1.439633	-0.237733	-1.604869	-0.093996	0.000000	-0.000017	-0.000018	0.000000	0.000000	0.005207
5.666667	0.319136	0.094285	-1.439633	-0.237733	-1.604869	-0.093996	0.000734	0.000187	0.000231	0.000000	0.000000	0.012159
5.700000	0.319136	0.094285	-1.439633	-0.237733	-1.604869	-0.093996	0.012131	-0.000068	0.001297	0.000548	0.000000	0.015926
5.733333	0.319136	0.094285	-1.439633	-0.237733	-1.604869	-0.093996	0.029413	0.000068	0.010949	-0.001985	0.000000	0.017235
5.766667	0.319136	0.094285	-1.439633	-0.237733	-1.604869	-0.093996	0.047391	0.016356	0.020743	-0.013107	0.000000	0.017744
5.800000	0.319136	0.094285	-1.439640	-0.237733	-1.604869	-0.093996	0.059298	0.048201	0.009260	-0.034325	0.000000	0.017802
5.833333	0.319136	0.094360	-1.439552	-0.237578	-1.604869	-0.093996	0.059298	0.082965	-0.017685	-0.040108	0.004396	0.017788
5.866667	0.319136	0.094260	-1.439179	-0.238296	-1.604869	-0.093996	0.061028	0.108177	-0.043885	-0.033606	0.044216	0.017773
5.900000	0.319503	0.094310	-1.435801	-0.241447	-1.604210	-0.093773	0.061053	0.108177	-0.043885	-0.020568	0.103104	0.017759
5.933333	0.325201	0.100282	-1.432373	-0.247459	-1.598237	-0.091513	0.061078	0.111469	-0.047315	-0.020568	0.165225	0.017744
5.966667	0.333842	0.111959	-1.436392	-0.249097	-1.589403	-0.088265	0.061115	0.111570	-0.047422	-0.019062	0.206595	0.017744
6.000000	0.342832	0.124706	-1.445823	-0.247255	-1.580085	-0.084881	0.061127	0.111604	-0.047848	-0.018788	0.189465	0.017759
6.033333	0.348785	0.133950	-1.454993	-0.243561	-1.573686	-0.082506	0.061127	0.111435	-0.047742	-0.010027	0.152555	0.017541
6.066667	0.348785	0.133950	-1.454993	-0.243561	-1.573686	-0.082506	0.061127	0.111740	-0.054691	0.005236	0.067227	0.016275
6.100000	0.349650	0.135157	-1.456194	-0.242960	-1.572726	-0.082127	0.061065	0.111604	-0.064716	0.019849	0.021332	0.011432
6.133333	0.349662	0.135194	-1.456231	-0.242950	-1.572736	-0.082137	0.053164	0.095317	-0.067631	0.018651	0.006206	0.005774
6.166667	0.349675	0.135207	-1.456250	-0.242950	-1.572745	-0.082137	0.029910	0.063471	-0.038410	0.009000	-0.000194	-0.000553
6.200000	0.349693	0.135219	-1.456256	-0.242940	-1.572755	-0.082147	-0.039503	0.025806	-0.016139	0.002259	-0.000387	-0.007418
6.233333	0.349700	0.135232	-1.456268	-0.242930	-1.572774	-0.082157	-0.111716	-0.012589	-0.010913	0.008111	-0.000387	-0.016348
6.266667	0.349700	0.135232	-1.456268	-0.242930	-1.572794	-0.082166	-0.191805	-0.044367	-0.021453	0.027275	-0.000259	-0.024347
6.300000	0.349700	0.135232	-1.456268	-0.242930	-1.572794	-0.082166	-0.261194	-0.077740	-0.033931	0.077855	-0.000065	-0.030121
6.333333	0.349669	0.135232	-1.456274	-0.242921	-1.572784	-0.082157	-0.319372	-0.111655	-0.048097	0.125801	-0.000194	-0.043604
6.366667	0.345718	0.134168	-1.456977	-0.240710	-1.572784	-0.082719	-0.379890	-0.142805	-0.061712	0.180111	-0.001552	-0.054643
6.400000	0.334458	0.129334	-1.458813	-0.235222	-1.572813	-0.084338	-0.398702	-0.174329	-0.075007	0.230623	-0.003103	-0.062541
6.433333	0.305450	0.117682	-1.463590	-0.220891	-1.573026	-0.088769	-0.461559	-0.206327	-0.089155	0.281648	-0.004460	-0.069566
6.466667	0.277984	0.106652	-1.468100	-0.207306	-1.573249	-0.092929	-0.521056	-0.216422	-0.093350	0.333358	-0.005559	-0.076271
6.502993	0.246929	0.094254	-1.473071	-0.191909	-1.573453	-0.097506	-0.532142	-0.229838	-0.099099	0.318895	-0.005279	-0.077875
6.544168	0.218188	0.082845	-1.477849	-0.177587	-1.573618	-0.101869	-0.516557	-0.228948	-0.098493	0.317546	-0.004658	-0.074155
6.590774	0.189099	0.071299	-1.482514	-0.163120	-1.573773	-0.106223	-0.526198	-0.223034	-0.095343	0.291635	-0.003190	-0.070258
6.640685	0.159705	0.059578	-1.487473	-0.148479	-1.573948	-0.110605	-0.530662	-0.220478	-0.090584	0.277829	-0.003238	-0.071287
6.694751	0.150311	0.055877	-1.488941	-0.143796	-1.573996	-0.112050	-0.520941	-0.216530	-0.090977	0.257221	-0.003149	-0.067864
6.749659	0.118895	0.043391	-1.494073	-0.128214	-1.574238	-0.116714	-0.536753	-0.214267	-0.089646	0.272490	-0.003257	-0.069400
6.804923	0.089165	0.031534	-1.498956	-0.113417	-1.574481	-0.121213	-0.528979	-0.211658	-0.088811	0.260579	-0.003587	-0.069348
6.860419	0.059740	0.019826	-1.503890	-0.098824	-1.574685	-0.125635	-0.515897	-0.212212	-0.086112	0.259840	-0.003883	-0.068394
6.913781	0.030657	0.008286	-1.508493	-0.084328	-1.574840	-0.129959	-0.511039	-0.218280	-0.088712	0.293060	-0.003634	-0.068122
6.965947	-0.018159	-0.011092	-1.516649	-0.060059	-1.575111	-0.137319	-0.487424	-0.215763	-0.093166	0.295956	-0.003635	-0.066088
7.016773	-0.047622	-0.022763	-1.521308	-0.045388	-1.575276	-0.141779	-0.462177	-0.221905	-0.089886	0.288178	-0.004070	-0.063680
7.062942	-0.076754	-0.034414	-1.526211	-0.030921	-1.575470	-0.146113	-0.466413	-0.220686	-0.089059	0.293457	-0.004761	-0.065148
7.105794	-0.107623	-0.046701	-1.531287	-0.015553	-1.575722	-0.150729	-0.487940	-0.212812	-0.085003	0.278238	-0.004475	-0.063312
7.144697	-0.133054	-0.056829	-1.535461	-0.002928	-1.575916	-0.154568	-0.483650	-0.207213	-0.081995	0.262788	-0.004154	-0.064204
7.179083	-0.151468	-0.064232	-1.538503	0.006235	-1.576023	-0.157341	-0.489548	-0.203959	-0.079397	0.231128	-0.003259	-0.070510
7.212417	-0.162125	-0.068188	-1.540152	0.011558	-1.576071	-0.158864	-0.446156	-0.157566	-0.063543	0.186271	-0.001357	-0.066192
7.245750	-0.163214	-0.068686	-1.540488	0.012227	-1.576071	-0.159038	-0.387977	-0.125737	-0.049963	0.133911	-0.000776	-0.060127
7.279083	-0.163263	-0.068779	-1.540513	0.012237	-1.576071	-0.159067	-0.290345	-0.093959	-0.035673	0.067212	-0.000130	-0.061290
7.312417	-0.163301	-0.068848	-1.540494	0.012208	-1.576071	-0.159096	-0.231420	-0.060451	-0.017934	0.041135	0.000000	-0.076562
7.345750	-0.163325	-0.068860	-1.540469	0.012198	-1.576071	-0.159096	-0.173092	-0.032830	-0.010736	0.009137	0.000000	-0.126915
7.379083	-0.163338	-0.068866	-1.540457	0.012179	-1.576071	-0.159096	-0.110758	-0.012640	-0.002471	0.001095	0.000000	-0.170519
7.412417	-0.163338	-0.068866	-1.540450	0.012179	-1.576071	-0.159096	-0.058440	-0.001849	-0.000267	-0.000205	0.000000	-0.220057
7.445750	-0.163338	-0.068866	-1.540444	0.012179	-1.576071	-0.159096	-0.017991	-0.000492	0.001831	-0.002019	0.000000	-0.285958
7.479083	-0.163332	-0.068866	-1.540438	0.012179	-1.576071	-0.159096	0.005698	-0.000390	0.003608	-0.007255	0.000000	-0.332471
7.512417	-0.163332	-0.068866	-1.540438	0.012179	-1.576071	-0.159096	0.011098	-0.001035	0.008425	-0.018309	-0.000130	-0.383565
7.545750	-0.163332	-0.068866	-1.540438	0.012179	-1.576071	-0.159096	0.013574	-0.001222	0.012087	-0.040348	-0.001099	-0.470686
7.579083	-0.163301	-0.068866	-1.540357	0.011655	-1.576091	-0.162500	0.016560	-0.001408	0.016548	-0.058315	-0.002779	-0.524879
7.612417	-0.163002	-0.068866	-1.539878	0.010142	-1.576236	-0.173292	0.018862	-0.001663	0.020103	-0.077205	-0.007304	-0.597223
7.645750	-0.162274	-0.068922	-1.539244	0.007001	-1.576488	-0.195981	0.023366	-0.001900	0.023604	-0.095206	-0.010213	-0.671021
7.679083	-0.160464	-0.069227	-1.537527	0.000747	-1.577167	-0.240070	0.026788	-0.002223	0.027586	-0.113378	-0.012670	-0.707935
7.712417	-0.159276	-0.069308	-1.536226	-0.004344	-1.577603	-0.276198	0.030371	-0.003427	0.033824	-0.131173	-0.015450	-0.744805
7.745750	-0.157664	-0.069383	-1.534659	-0.009696	-1.578030	-0.314101	0.032834	-0.003868	0.038303	-0.159373	-0.014996	-0.799244
7.779083	-0.156476	-0.069476	-1.533414	-0.014797	-1.578621	-0.350394	0.035746	-0.004072	0.043582	-0.176312	-0.014093	-0.872432
7.812417	-0.155020	-0.069563	-1.532183	-0.019945	-1.579019	-0.386658	0.036505	-0.004242	0.045644	-0.181309	-0.017129	-0.926843
7.845750	-0.153894	-0.069681	-1.530783	-0.025075	-1.579484	-0.422942	0.039789	-0.004360	0.045698	-0.182301	-0.016678	-0.999448
7.879083	-0.151655	-0.070123	-1.528599	-0.033792	-1.580308	-0.484620	0.042041	-0.003648	0.043618	-0.182130	-0.017841	-1.053917
7.912417	-0.149944	-0.070285	-1.527032	-0.040618	-1.580948	-0.533033	0.043758	-0.003919	0.044524	-0.164061	-0.018294	-1.128283
7.945750	-0.148153	-0.070359	-1.524973	-0.047444	-1.581579	-0.581786	0.043534	-0.004343	0.042889	-0.169844	-0.016419	-1.174956
7.979083	-0.146915	-0.070421	-1.523791	-0.052641	-1.582034	-0.618564	0.043908	-0.004988	0.043636	-0.170221	-0.014480	-1.207637
8.012417	-0.145459	-0.070521	-1.522354	-0.057858	-1.582626	-0.655633	0.044405	-0.004920	0.045217	-0.164027	-0.013381	-1.223200
8.045750	-0.145079	-0.070565	-1.521955	-0.059603	-1.582742	-0.667724	0.044592	-0.004768	0.043103	-0.169673	-0.013445	-1.225439
8.079083	-0.143406	-0.070745	-1.520021	-0.066419	-1.583314	-0.716138	0.044281	-0.003919	0.044684	-0.163616	-0.013963	-1.224159
8.112417	-0.141981	-0.070975	-1.518789	-0.071636	-1.583877	-0.752790	0.044629	-0.003919	0.042623	-0.164403	-0.016806	-1.206153
8.145750	-0.140395	-0.071305	-1.517259	-0.078443	-1.584381	-0.801174	0.042887	-0.004225	0.041894	-0.170221	-0.017130	-1.230923
8.179083	-0.138697	-0.071367	-1.515380	-0.085240	-1.585147	-0.849597	0.042738	-0.004784	0.042960	-0.176073	-0.016936	-1.218909
8.212417	-0.137322	-0.071429	-1.514017	-0.090350	-1.585544	-0.885871	0.040872	-0.004818	0.044578	-0.176107	-0.017195	-1.223694
8.245750	-0.135462	-0.071560	-1.512220	-0.097506	-1.586262	-0.936282	0.042415	-0.004869	0.045235	-0.169844	-0.015967	-1.249554
8.279083	-0.134180	-0.071722	-1.511025	-0.102625	-1.586708	-0.972556	0.042800	-0.004513	0.042427	-0.175868	-0.015967	-1.259488
8.312417	-0.132880	-0.071908	-1.509457	-0.107745	-1.587144	-1.008858	0.045575	-0.004208	0.044845	-0.164848	-0.014932	-1.294642
8.345750	-0.131580	-0.072176	-1.508207	-0.112884	-1.587707	-1.045152	0.047603	-0.003648	0.045058	-0.173164	-0.015643	-1.339264
8.379083	-0.130211	-0.072288	-1.506751	-0.118013	-1.588085	-1.081454	0.048710	-0.003953	0.045911	-0.170940	-0.015643	-1.387726
8.412417	-0.128575	-0.072350	-1.505227	-0.124849	-1.588783	-1.130236	0.049208	-0.005514	0.048061	-0.177921	-0.014738	-1.415826
8.445750	-0.127717	-0.072400	-1.504257	-0.128582	-1.589161	-1.156775	0.049730	-0.005310	0.050728	-0.196264	-0.016484	-1.427025
8.479083	-0.125707	-0.072518	-1.502291	-0.136039	-1.589733	-1.209436	0.052542	-0.005056	0.052114	-0.199378	-0.017389	-1.509593
8.512417	-0.124059	-0.072642	-1.500661	-0.142496	-1.590441	-1.254727	0.052517	-0.004903	0.052078	-0.208413	-0.020168	-1.518640
8.545750	-0.122292	-0.072817	-1.498813	-0.149575	-1.590984	-1.305215	0.054122	-0.005260	0.056682	-0.217276	-0.021331	-1.545853
8.579083	-0.119604	-0.073451	-1.496089	-0.159911	-1.591983	-1.378713	0.056885	-0.006159	0.058833	-0.236338	-0.022560	-1.552819
8.612417	-0.117626	-0.073507	-1.494011	-0.167629	-1.592749	-1.433235	0.057967	-0.006057	0.060983	-0.237228	-0.022818	-1.601383
8.645750	-0.115791	-0.073575	-1.492207	-0.175309	-1.593389	-1.487651	0.060343	-0.006261	0.063117	-0.251327	-0.023401	-1.607346
8.679083	-0.113831	-0.073706	-1.490340	-0.183007	-1.594193	-1.542105	0.061252	-0.006362	0.065764	-0.256050	-0.024306	-1.570389
8.712417	-0.111051	-0.074104	-1.487404	-0.193538	-1.595086	-1.617086	0.062745	-0.007380	0.066280	-0.256016	-0.022689	-1.529941
8.745750	-0.109203	-0.074546	-1.485575	-0.201295	-1.595822	-1.672103	0.061351	-0.007380	0.065996	-0.264674	-0.023659	-1.477290
8.779083	-0.107119	-0.074571	-1.483385	-0.209294	-1.596618	-1.728972	0.059410	-0.005802	0.066227	-0.255742	-0.024499	-1.422778
8.812417	-0.104438	-0.074695	-1.480723	-0.219688	-1.597451	-1.801558	0.056175	-0.005802	0.061979	-0.252457	-0.025534	-1.342813
8.845750	-0.102596	-0.074851	-1.478807	-0.227319	-1.598285	-1.855983	0.050950	-0.005735	0.058744	-0.241506	-0.025469	-1.300139
8.879083	-0.100040	-0.075348	-1.476150	-0.237481	-1.599226	-1.928511	0.047031	-0.005531	0.052825	-0.223128	-0.022301	-1.203492
8.912417	-0.097949	-0.075523	-1.474253	-0.245180	-1.599856	-1.982820	0.043460	-0.004513	0.047120	-0.198043	-0.019264	-1.122058
8.945750	-0.096344	-0.075579	-1.472324	-0.251929	-1.600593	-2.030826	0.040275	-0.003291	0.037272	-0.153007	-0.016937	-1.038922
8.979083	-0.095032	-0.075635	-1.471143	-0.256903	-1.600971	-2.066179	0.035111	-0.002986	-0.003928	-0.118888	-0.012088	-0.929504
9.012417	-0.094354	-0.075678	-1.470359	-0.259453	-1.601194	-2.084379	0.031951	-0.001680	-0.115017	-0.054824	-0.006658	-0.847605
9.045750	-0.094204	-0.075734	-1.470303	-0.260287	-1.601301	-2.090352	0.029102	-0.002426	-0.241623	0.101366	-0.003038	-0.761967
9.079083	-0.094130	-0.075759	-1.470290	-0.260393	-1.601320	-2.090904	0.023901	-0.009467	-0.372423	0.287569	-0.001293	-0.679355
9.112417	-0.094111	-0.075753	-1.471752	-0.258444	-1.601330	-2.090875	0.020380	-0.030692	-0.534897	0.472608	-0.000130	-0.594939
9.145750	-0.094061	-0.075666	-1.482689	-0.247953	-1.601320	-2.090749	0.015465	-0.048184	-0.630132	0.703197	0.000646	-0.457771
9.179083	-0.093694	-0.075311	-1.519847	-0.211485	-1.601301	-2.090478	0.011384	-0.060943	-0.687649	0.841967	0.001034	-0.375653
9.212417	-0.093495	-0.075740	-1.562056	-0.168366	-1.601223	-2.090197	0.008286	-0.067628	-0.713706	0.927865	0.001680	-0.293535
9.245750	-0.093228	-0.078820	-1.605771	-0.121572	-1.601165	-2.089780	0.006059	-0.067712	-0.715252	0.968487	0.001746	-0.210734
9.279083	-0.092568	-0.086776	-1.660161	-0.059710	-1.601078	-2.089275	0.005611	-0.069392	-0.713617	0.944189	0.001552	-0.107585
9.312417	-0.092487	-0.093246	-1.691937	-0.021623	-1.601049	-2.089033	0.005624	-0.083474	-0.676522	0.873657	0.001164	-0.047124
9.345750	-0.092406	-0.097980	-1.711266	0.002502	-1.601020	-2.088859	0.005773	-0.110026	-0.587349	0.696181	0.000776	-0.011505
9.379083	-0.092307	-0.100475	-1.720106	0.014108	-1.601010	-2.088713	0.005873	-0.138886	-0.413019	0.531299	0.000453	0.002502
9.412417	-0.092257	-0.100562	-1.720622	0.014864	-1.601010	-2.088703	0.005848	-0.156124	-0.267165	0.360085	0.000323	0.004858
9.445750	-0.092201	-0.101203	-1.720100	0.014709	-1.601000	-2.088665	0.005139	-0.149728	-0.142709	0.203382	0.000518	0.004858
9.479083	-0.092002	-0.106360	-1.714588	0.014147	-1.600981	-2.088480	0.004740	-0.128045	-0.035495	0.081004	0.000840	0.004712
9.512417	-0.091548	-0.116009	-1.703807	0.013158	-1.600942	-2.088141	0.004218	-0.110400	0.045751	0.001848	0.000969	0.004480
9.545750	-0.091392	-0.126236	-1.692398	0.011926	-1.600884	-2.087899	0.002924	-0.097488	0.095981	-0.012628	0.001099	0.004189
9.579083	-0.091243	-0.132986	-1.684734	0.011170	-1.600855	-2.087705	0.002750	-0.090719	0.104743	-0.013518	0.000841	0.004654
9.612417	-0.091175	-0.133720	-1.683856	0.011044	-1.600835	-2.087656	0.002588	-0.090447	0.105384	-0.012662	0.000517	0.004480
9.645750	-0.091137	-0.133726	-1.683850	0.011025	-1.600835	-2.087647	0.002501	-0.088462	0.097278	-0.009206	0.000194	0.005512
9.679083	-0.091125	-0.133726	-1.683850	0.011015	-1.600826	-2.087647	0.003683	-0.072853	0.080819	-0.008487	0.000065	0.005949
9.712417	-0.091125	-0.133726	-1.683850	0.011015	-1.600835	-2.087647	0.004118	-0.032151	0.108138	-0.016632	0.000194	0.007330
9.745750	-0.091119	-0.133739	-1.683844	0.010753	-1.600835	-2.087598	0.005487	0.017051	0.177493	-0.084939	0.000000	0.012523
9.779083	-0.091106	-0.133726	-1.683807	0.011063	-1.600806	-2.087656	0.005288	0.061842	0.283321	-0.187914	-0.001228	0.032507
9.812417	-0.091112	-0.133639	-1.682979	0.010016	-1.600826	-2.087656	0.005773	0.101543	0.448621	-0.317855	-0.009826	0.075835
9.845750	-0.091112	-0.133073	-1.679558	0.006700	-1.601010	-2.087598	-0.000149	0.130505	0.577147	-0.504503	-0.021525	0.142230
9.879083	-0.091056	-0.127798	-1.657890	-0.012974	-1.602309	-2.087259	-0.039180	0.158635	0.701157	-0.649434	-0.037557	0.219446
9.912417	-0.090416	-0.119984	-1.625454	-0.042198	-1.604045	-2.086657	-0.075199	0.182880	0.817650	-0.788718	-0.059470	0.301753
9.945750	-0.090142	-0.110310	-1.584887	-0.079044	-1.606440	-2.086095	-0.144078	0.199456	0.942584	-0.915990	-0.072593	0.382489
9.979083	-0.089259	-0.096487	-1.526833	-0.131927	-1.609795	-2.085174	-0.221803	0.199337	0.985154	-1.028923	-0.074985	0.464927
10.012417	-0.088904	-0.085874	-1.481849	-0.172991	-1.612326	-2.084466	-0.300187	0.190056	1.026816	-1.027212	-0.078411	0.573792
10.045750	-0.088506	-0.075560	-1.438445	-0.212474	-1.614750	-2.083370	-0.405570	0.173820	1.036788	-0.937926	-0.062832	0.683616
10.079083	-0.091318	-0.066670	-1.397673	-0.248477	-1.616640	-2.077436	-0.510307	0.144298	0.975147	-0.863733	-0.040659	0.740805
10.112417	-0.110764	-0.060605	-1.353896	-0.282792	-1.617484	-2.049627	-0.589811	0.103715	0.954155	-0.683998	-0.002197	0.850528
10.145750	-0.128737	-0.060636	-1.338997	-0.291470	-1.616611	-2.024718	-0.670211	0.057329	0.841236	-0.547383	0.031803	0.934900
10.179083	-0.163164	-0.063952	-1.322343	-0.297171	-1.614352	-1.977119	-0.777858	0.005158	0.753929	-0.359401	0.059471	1.016465
10.213292	-0.202026	-0.069339	-1.309055	-0.298577	-1.611404	-1.923518	-0.837530	-0.037842	0.605692	-0.222553	0.082136	1.069873
10.250209	-0.241212	-0.074888	-1.296109	-0.299149	-1.608505	-1.869015	-0.848611	-0.078205	0.497846	-0.108675	0.087200	1.063937
10.289985	-0.293891	-0.081955	-1.278641	-0.300216	-1.604520	-1.795827	-0.854033	-0.105940	0.404438	-0.047550	0.082341	1.070201
10.332896	-0.346266	-0.089290	-1.261502	-0.301292	-1.600651	-1.723290	-0.853251	-0.121989	0.342829	-0.022915	0.076827	1.033159
10.379003	-0.386018	-0.094596	-1.248444	-0.301884	-1.597674	-1.668205	-0.845169	-0.124278	0.306755	-0.018061	0.076596	0.979880
10.427116	-0.426162	-0.100114	-1.235262	-0.302747	-1.594649	-1.612548	-0.841251	-0.122810	0.292276	-0.016952	0.073044	0.943484
10.475516	-0.479345	-0.107318	-1.217712	-0.303813	-1.590635	-1.538818	-0.828578	-0.121663	0.289298	-0.016758	0.068470	0.934845
10.522593	-0.519906	-0.113023	-1.204400	-0.304405	-1.587678	-1.482560	-0.817387	-0.125668	0.299550	-0.017592	0.065817	0.944749
10.566980	-0.559185	-0.118186	-1.191479	-0.305258	-1.584711	-1.428154	-0.810012	-0.121884	0.298490	-0.017810	0.074273	0.951476
10.608383	-0.598452	-0.123667	-1.178607	-0.305898	-1.581743	-1.373642	-0.805602	-0.118098	0.287769	-0.016834	0.073171	0.931968
10.646333	-0.637712	-0.128948	-1.165711	-0.306693	-1.578844	-1.319246	-0.797710	-0.116300	0.271481	-0.017886	0.080683	0.894067
10.681828	-0.675841	-0.134112	-1.153238	-0.307469	-1.576061	-1.266653	-0.802354	-0.110193	0.265982	-0.015651	0.073392	0.813548
10.715616	-0.717894	-0.139966	-1.139421	-0.308177	-1.572871	-1.208408	-0.808337	-0.093933	0.219345	-0.013606	0.063007	0.677272
10.750212	-0.730280	-0.141465	-1.135266	-0.308448	-1.572037	-1.191294	-0.817568	-0.060893	0.130222	-0.002275	0.043162	0.513441
10.783545	-0.740371	-0.143076	-1.132050	-0.308710	-1.571233	-1.176876	-0.833374	-0.035341	0.055989	0.035694	0.021590	0.352862
10.817205	-0.741329	-0.143145	-1.131620	-0.308729	-1.571126	-1.175450	-0.860023	0.012853	-0.083661	0.066933	0.007553	0.142809
10.850654	-0.741534	-0.143138	-1.131645	-0.308642	-1.571126	-1.175673	-0.874181	0.054916	-0.206494	0.144702	-0.007085	0.013421
10.883988	-0.747979	-0.142230	-1.135639	-0.306111	-1.571291	-1.182848	-0.885892	0.104614	-0.362309	0.208379	-0.014738	-0.171290
10.918620	-0.773460	-0.136196	-1.152846	-0.296173	-1.572474	-1.210628	-0.866930	0.141744	-0.451623	0.277936	-0.028869	-0.338270
10.960967	-0.795700	-0.131144	-1.167609	-0.287737	-1.573395	-1.234559	-0.745894	0.140225	-0.443814	0.274278	-0.034041	-0.396814
11.008171	-0.850432	-0.118908	-1.203883	-0.266744	-1.575625	-1.293764	-0.671417	0.148781	-0.462551	0.287921	-0.039212	-0.463973
11.062804	-0.896032	-0.108743	-1.233980	-0.249243	-1.577632	-1.343341	-0.637207	0.151578	-0.471235	0.285697	-0.036403	-0.493876
11.122542	-0.954130	-0.095753	-1.272488	-0.226806	-1.580018	-1.406638	-0.620161	0.153425	-0.475686	0.296979	-0.034159	-0.547627
11.187404	-0.997795	-0.085968	-1.301372	-0.210012	-1.581773	-1.454073	-0.614577	0.158565	-0.481302	0.285647	-0.031725	-0.581094
11.256047	-1.041398	-0.076145	-1.330306	-0.193198	-1.583644	-1.501516	-0.623418	0.154720	-0.470692	0.283845	-0.030135	-0.596363
11.326695	-1.088067	-0.065824	-1.361168	-0.175289	-1.585583	-1.552121	-0.641260	0.156202	-0.461737	0.276722	-0.029584	-0.605656
11.400624	-1.149643	-0.052051	-1.401947	-0.151592	-1.588153	-1.619035	-0.642305	0.146371	-0.442673	0.253687	-0.029816	-0.621910
11.472878	-1.193289	-0.042321	-1.430893	-0.134788	-1.589927	-1.666469	-0.663537	0.149398	-0.438646	0.259886	-0.028838	-0.677758
11.547145	-1.252475	-0.029096	-1.470085	-0.112011	-1.592361	-1.730824	-0.635684	0.145377	-0.439086	0.253131	-0.027417	-0.681316
11.620596	-1.296072	-0.019372	-1.498956	-0.095208	-1.594310	-1.778258	-0.654039	0.142798	-0.431622	0.254425	-0.027723	-0.679464
11.691938	-1.339277	-0.009754	-1.527542	-0.078608	-1.596016	-1.825120	-0.669490	0.146905	-0.429273	0.251867	-0.026880	-0.668831
11.763607	-1.383427	0.000124	-1.556756	-0.061581	-1.597888	-1.873078	-0.655107	0.149560	-0.438698	0.249035	-0.028322	-0.627984
11.834284	-1.427540	0.009997	-1.586031	-0.044603	-1.599749	-1.921035	-0.627912	0.142055	-0.445042	0.252317	-0.027103	-0.586105
11.900126	-1.485737	0.023011	-1.624577	-0.022204	-1.602212	-1.984294	-0.623917	0.112753	-0.419695	0.279025	-0.028635	-0.585028
11.961061	-1.514845	0.029407	-1.643887	-0.010976	-1.603424	-2.015952	-0.600521	0.050676	-0.364173	0.298691	-0.033063	-0.586480
12.015691	-1.558591	0.039142	-1.672764	0.005798	-1.605160	-2.063377	-0.608473	-0.032558	-0.281138	0.308558	-0.036286	-0.586945
12.063093	-1.616620	0.052082	-1.711166	0.028158	-1.607613	-2.126441	-0.611021	-0.145973	-0.167610	0.315109	-0.039047	-0.617170
12.103598	-1.670581	0.058390	-1.741817	0.049548	-1.609911	-2.184493	-0.635900	-0.332482	0.034154	0.297032	-0.039418	-0.649087
12.136932	-1.702053	0.039341	-1.740604	0.064917	-1.611046	-2.217101	-0.678186	-0.565368	0.315279	0.277507	-0.028443	-0.679879
12.171801	-1.707085	0.004871	-1.712367	0.070327	-1.611094	-2.220835	-0.554011	-0.700682	0.540401	0.199753	-0.008405	-0.575830
12.208988	-1.704267	-0.038937	-1.669542	0.071180	-1.610667	-2.214881	-0.436074	-0.788264	0.709014	0.083194	0.005910	-0.464953
12.249703	-1.698525	-0.085868	-1.620645	0.068863	-1.610144	-2.206368	-0.295530	-0.883263	0.932454	-0.024179	0.011431	-0.359139
12.293326	-1.691906	-0.148016	-1.552227	0.062046	-1.609552	-2.195430	-0.226443	-0.920680	1.049544	-0.129652	0.011361	-0.273043
12.342123	-1.686929	-0.197304	-1.494988	0.053785	-1.609000	-2.187276	-0.138315	-0.958758	1.156085	-0.166843	0.009626	-0.174265
12.392288	-1.682432	-0.245747	-1.436330	0.043313	-1.608621	-2.179470	-0.053754	-0.991174	1.243189	-0.236332	0.010609	-0.118871
12.442965	-1.678369	-0.293033	-1.376677	0.030757	-1.608156	-2.172217	0.021278	-1.016430	1.293008	-0.287452	0.008631	-0.084809
12.494198	-1.673200	-0.356443	-1.293415	0.010453	-1.607613	-2.163025	0.064655	-1.027870	1.356362	-0.343562	0.008748	-0.021926
12.546041	-1.670780	-0.389707	-1.248033	-0.001842	-1.607390	-2.158468	0.072582	-1.034191	1.448631	-0.395343	0.008769	0.038089
12.596939	-1.666226	-0.456240	-1.154016	-0.029554	-1.606857	-2.149722	0.070449	-1.032949	1.504982	-0.464084	0.007790	0.086364
12.647228	-1.663016	-0.507607	-1.078599	-0.053805	-1.606469	-2.143487	0.063906	-1.030791	1.545385	-0.522635	0.007241	0.100793
12.694156	-1.659831	-0.561735	-0.996383	-0.082108	-1.606178	-2.137379	0.059071	-1.027424	1.567154	-0.600270	0.007392	0.103207
12.736987	-1.657069	-0.618203	-0.907796	-0.114435	-1.605868	-2.131406	0.056770	-1.027155	1.585730	-0.615810	0.007899	0.099449
12.774329	-1.654406	-0.675635	-0.814867	-0.150127	-1.605461	-2.125927	0.056065	-1.024359	1.599275	-0.626211	0.007098	0.100813
12.810123	-1.652366	-0.726349	-0.730268	-0.183967	-1.605199	-2.121380	0.048143	-0.983485	1.415893	-0.602727	0.005960	0.082555
12.843456	-1.650643	-0.767513	-0.659946	-0.213289	-1.605063	-2.118141	0.036020	-0.865027	1.342025	-0.508233	0.003684	0.070017
12.876790	-1.650481	-0.776110	-0.644792	-0.219921	-1.605034	-2.117501	0.026700	-0.703813	0.963896	-0.351769	0.001487	0.050309
12.910123	-1.650319	-0.776975	-0.643224	-0.220687	-1.605024	-2.117424	0.013213	-0.517150	0.566127	-0.128949	0.002521	0.033787
12.943456	-1.650325	-0.777211	-0.643137	-0.220668	-1.605024	-2.117404	0.000796	-0.330028	0.173068	0.190686	0.010148	0.015883
12.976790	-1.650456	-0.776931	-0.646664	-0.216334	-1.604733	-2.117656	-0.010165	-0.141770	-0.206074	0.457618	0.026697	0.000131
13.010123	-1.651028	-0.773417	-0.659784	-0.202788	-1.603521	-2.118975	-0.020753	0.038768	-0.571370	0.669693	0.058178	-0.006690
13.043456	-1.652521	-0.765671	-0.686877	-0.174649	-1.601029	-2.121642	-0.028243	0.182439	-0.790988	0.896346	0.084939	-0.019184
13.076790	-1.655190	-0.751357	-0.740078	-0.119351	-1.596298	-2.126752	-0.032859	0.240396	-0.951454	1.055137	0.104526	-0.028100
13.110123	-1.657430	-0.739214	-0.785044	-0.072470	-1.592244	-2.130979	-0.036567	0.256378	-1.007887	1.226556	0.125599	-0.036724
13.143456	-1.659619	-0.727618	-0.828553	-0.026801	-1.588337	-2.135197	-0.036903	0.262842	-1.028860	1.258348	0.130577	-0.043851
13.176790	-1.662618	-0.712134	-0.886302	0.033530	-1.583198	-2.140782	-0.037226	0.263368	-1.002448	1.205338	0.131999	-0.048869
13.210123	-1.664914	-0.700619	-0.929240	0.078268	-1.579329	-2.144874	-0.037214	0.253765	-0.938639	1.082618	0.108469	-0.051473
13.243456	-1.667445	-0.687965	-0.976662	0.127681	-1.575121	-2.149441	-0.037425	0.232625	-0.838925	0.919960	0.087203	-0.051923
13.276790	-1.668528	-0.682970	-0.995910	0.147829	-1.573443	-2.151235	-0.035920	0.193551	-0.712586	0.705181	0.053329	-0.054498
13.310123	-1.668795	-0.680836	-1.003586	0.156003	-1.572745	-2.152010	-0.032847	0.160433	-0.546362	0.544303	0.029800	-0.062367
13.343456	-1.668926	-0.680363	-1.004868	0.157341	-1.572619	-2.152127	-0.027534	0.128757	-0.421693	0.331647	0.012346	-0.075675
13.376790	-1.668932	-0.680369	-1.004868	0.157341	-1.572619	-2.152117	-0.024063	0.086341	-0.256660	0.183191	0.001551	-0.089739
13.410123	-1.668932	-0.680376	-1.004862	0.157341	-1.572619	-2.152107	-0.024237	0.055649	-0.141572	0.075768	-0.000905	-0.098044
13.443456	-1.668932	-0.680388	-1.004849	0.157332	-1.572619	-2.152088	-0.023179	0.038055	-0.062938	0.008145	-0.000711	-0.097448
13.476790	-1.669169	-0.680388	-1.004762	0.157458	-1.572774	-2.151952	-0.022097	0.096776	-0.031923	-0.019164	-0.000517	-0.090379
13.510123	-1.668988	-0.680407	-1.004787	0.157361	-1.572726	-2.152001	-0.020542	0.171987	-0.045413	-0.087574	-0.000258	-0.084154
13.543456	-1.668945	-0.680475	-1.004824	0.157332	-1.572697	-2.152049	-0.019186	0.220749	-0.058388	-0.163685	0.000905	-0.075500
13.576790	-1.668957	-0.680214	-1.004918	0.156663	-1.572658	-2.152359	-0.018962	0.271020	-0.072430	-0.211185	0.004331	-0.066395
13.610123	-1.669461	-0.674012	-1.006548	0.151844	-1.572551	-2.154977	-0.018663	0.287341	-0.077051	-0.260259	0.008145	-0.052767
13.643456	-1.671738	-0.647485	-1.013254	0.132529	-1.572086	-2.165236	-0.017755	0.289157	-0.077460	-0.277815	0.009697	-0.045102
13.676790	-1.674208	-0.617774	-1.020719	0.110964	-1.571475	-2.176678	-0.012280	0.289835	-0.077869	-0.279321	0.011054	-0.024769
13.710123	-1.675962	-0.599422	-1.025304	0.097506	-1.571223	-2.183795	0.001991	0.293449	-0.082650	-0.279047	0.010795	0.009076
13.743456	-1.677716	-0.580996	-1.030212	0.083611	-1.570932	-2.191174	0.017282	0.313588	-0.106912	-0.267617	0.007434	0.035837
13.776790	-1.678121	-0.575017	-1.031823	0.078811	-1.570758	-2.193695	0.044617	0.358464	-0.160963	-0.228399	0.004073	0.073595
13.810123	-1.678276	-0.574364	-1.031960	0.078220	-1.570728	-2.194015	0.075075	0.388019	-0.207638	-0.153829	0.001810	0.104836
13.843456	-1.678257	-0.574115	-1.031979	0.078220	-1.570728	-2.194034	0.118161	0.398420	-0.286538	-0.070053	-0.000776	0.137387
13.876790	-1.677810	-0.572809	-1.033715	0.078394	-1.570728	-2.193481	0.153434	0.402423	-0.362292	-0.000548	-0.003814	0.169457
13.910123	-1.675072	-0.565493	-1.042262	0.079548	-1.570913	-2.190078	0.195152	0.462535	-0.464743	0.029363	-0.007111	0.213788
13.943456	-1.667937	-0.548777	-1.062088	0.082030	-1.571310	-2.181923	0.252509	0.493227	-0.541047	0.033367	-0.012734	0.238587
13.976790	-1.660528	-0.531738	-1.081909	0.084086	-1.571795	-2.173497	0.294053	0.558293	-0.619058	0.026830	-0.018488	0.281114
14.010123	-1.646680	-0.501398	-1.115999	0.086762	-1.572639	-2.157721	0.338322	0.660803	-0.714648	0.013963	-0.023788	0.344514
14.043456	-1.631407	-0.470219	-1.149835	0.088071	-1.573579	-2.140336	0.380388	0.729194	-0.772450	-0.012217	-0.027473	0.398473
14.076790	-1.609876	-0.429826	-1.191665	0.087742	-1.574723	-2.115863	0.422491	0.794141	-0.811073	-0.041477	-0.028055	0.450804
14.112769	-1.592744	-0.400146	-1.220823	0.085812	-1.575431	-2.096412	0.434145	0.776361	-0.754446	-0.065185	-0.026051	0.471692
14.150633	-1.574162	-0.370310	-1.248612	0.082205	-1.576343	-2.075420	0.451553	0.750003	-0.733345	-0.096951	-0.023332	0.484899
14.190727	-1.547953	-0.332069	-1.282106	0.075456	-1.577448	-2.046079	0.474210	0.719561	-0.651731	-0.125102	-0.020100	0.504548
14.231142	-1.528935	-0.306744	-1.302890	0.069367	-1.578020	-2.024795	0.499068	0.689909	-0.563089	-0.155267	-0.017594	0.535754
14.272811	-1.508555	-0.281624	-1.322212	0.062095	-1.578825	-2.002164	0.525842	0.654653	-0.498926	-0.174877	-0.016961	0.552489
14.313797	-1.487927	-0.258226	-1.339077	0.053940	-1.579319	-1.979310	0.554768	0.613412	-0.429764	-0.211916	-0.015246	0.590517
14.355438	-1.467031	-0.236403	-1.353641	0.045175	-1.580008	-1.956243	0.579217	0.583309	-0.370373	-0.229786	-0.012781	0.615166
14.396349	-1.443951	-0.214387	-1.367165	0.034945	-1.580463	-1.930867	0.599793	0.557943	-0.320996	-0.265758	-0.013799	0.648875
14.436710	-1.421350	-0.194685	-1.377983	0.024609	-1.581006	-1.906035	0.626870	0.515954	-0.273286	-0.281305	-0.012546	0.682398
14.476617	-1.389878	-0.170150	-1.389635	0.009628	-1.581530	-1.871594	0.652653	0.487648	-0.208698	-0.322784	-0.010907	0.708890
14.515774	-1.365386	-0.153272	-1.396161	-0.002356	-1.581831	-1.844823	0.671141	0.459221	-0.174606	-0.345097	-0.009574	0.704681
14.555165	-1.331855	-0.132961	-1.402133	-0.018908	-1.582267	-1.808452	0.702160	0.420239	-0.120508	-0.347516	-0.007111	0.715875
14.593037	-1.305615	-0.119225	-1.404460	-0.031978	-1.582480	-1.779993	0.713001	0.398452	-0.060870	-0.375481	-0.005121	0.777275
14.630507	-1.269620	-0.103001	-1.405088	-0.049946	-1.582587	-1.741063	0.739225	0.361922	-0.002135	-0.390537	-0.002991	0.788785
14.667730	-1.241806	-0.092680	-1.403645	-0.063840	-1.582606	-1.710946	0.762383	0.318212	0.032248	-0.404806	0.000231	0.799948
14.704385	-1.213227	-0.083821	-1.399782	-0.077987	-1.582577	-1.680190	0.792665	0.265899	0.089529	-0.388170	0.002586	0.838669
14.740978	-1.183485	-0.076139	-1.394096	-0.092619	-1.582393	-1.648182	0.812603	0.224688	0.137949	-0.381760	0.005476	0.855413
14.775975	-1.153748	-0.070409	-1.387141	-0.107183	-1.582112	-1.616233	0.830118	0.178596	0.200085	-0.404731	0.006465	0.916269
14.811650	-1.114059	-0.065214	-1.375227	-0.126439	-1.581695	-1.573647	0.848429	0.130849	0.245627	-0.404049	0.008819	0.933525
14.847312	-1.103508	-0.064393	-1.371626	-0.131501	-1.581579	-1.562438	0.869347	0.080909	0.278093	-0.409853	0.011359	0.927926
14.883070	-1.072446	-0.062938	-1.359862	-0.146385	-1.581103	-1.529170	0.881416	0.032328	0.343311	-0.394274	0.012534	0.913460
14.918225	-1.041360	-0.062832	-1.346543	-0.161259	-1.580473	-1.495873	0.891246	-0.021412	0.422695	-0.420537	0.015874	0.914686
14.953082	-1.008122	-0.064207	-1.330530	-0.176996	-1.579882	-1.460365	0.897952	-0.070918	0.482316	-0.431759	0.018545	0.878682
14.987011	-0.975325	-0.067877	-1.313099	-0.192549	-1.579067	-1.425343	0.904657	-0.122379	0.545288	-0.450187	0.023053	0.862569
15.020344	-0.954099	-0.071261	-1.300794	-0.202681	-1.578563	-1.402615	0.879024	-0.171360	0.598440	-0.499335	0.027667	0.833656
15.053677	-0.911373	-0.079964	-1.273770	-0.223092	-1.577380	-1.357023	0.824478	-0.199049	0.641791	-0.496597	0.031868	0.791318
15.087011	-0.866812	-0.092102	-1.242105	-0.244637	-1.575964	-1.309336	0.745211	-0.215048	0.632442	-0.460151	0.035424	0.756848
15.120344	-0.832852	-0.103330	-1.215504	-0.261334	-1.574801	-1.273140	0.725216	-0.218967	0.582728	-0.440131	0.036328	0.756178
15.153677	-0.799644	-0.116083	-1.187242	-0.278031	-1.573550	-1.237758	0.674366	-0.215336	0.551143	-0.391775	0.036458	0.728791
15.187011	-0.772309	-0.128046	-1.162172	-0.292032	-1.572454	-1.208670	0.645302	-0.205479	0.500913	-0.338594	0.028119	0.763683
15.220344	-0.752813	-0.137378	-1.143129	-0.302388	-1.571553	-1.187890	0.639566	-0.193653	0.441938	-0.284146	0.017970	0.834355
15.253677	-0.743973	-0.141788	-1.134196	-0.307246	-1.571271	-1.178311	0.654384	-0.157702	0.369046	-0.206941	0.012929	0.850397
15.287011	-0.741509	-0.143120	-1.131869	-0.308632	-1.571165	-1.175693	0.727717	-0.103749	0.253389	-0.124397	0.006852	0.849248
15.320344	-0.741453	-0.143163	-1.131683	-0.308758	-1.571155	-1.175440	0.729409	-0.045996	0.116155	-0.085247	0.001810	0.902641
15.353677	-0.740900	-0.143219	-1.131732	-0.308749	-1.571145	-1.174810	0.757640	0.027977	0.022342	-0.035591	0.000518	0.917330
15.387011	-0.735263	-0.142267	-1.133014	-0.308526	-1.571145	-1.169060	0.779874	0.089820	-0.076145	-0.000137	-0.000065	0.931788
15.420344	-0.718709	-0.137788	-1.137294	-0.308080	-1.571145	-1.152392	0.802941	0.154733	-0.163630	0.016187	-0.000518	0.950317
15.455293	-0.688339	-0.130143	-1.145275	-0.307294	-1.571165	-1.122218	0.824679	0.188020	-0.204958	0.023501	-0.001110	0.901512
15.492365	-0.648132	-0.120195	-1.155534	-0.306228	-1.571223	-1.082162	0.821622	0.207502	-0.225342	0.026032	-0.001570	0.862104
15.531300	-0.590240	-0.105825	-1.170365	-0.304599	-1.571320	-1.024120	0.821996	0.231214	-0.251034	0.028127	-0.001993	0.849205
15.574309	-0.546668	-0.095112	-1.181463	-0.303445	-1.571407	-0.980351	0.830666	0.232320	-0.251772	0.029016	-0.002003	0.788796
15.620303	-0.487992	-0.080643	-1.196530	-0.301748	-1.571504	-0.921544	0.839894	0.231142	-0.248113	0.028324	-0.001874	0.766923
15.669520	-0.442915	-0.069507	-1.208057	-0.300584	-1.571572	-0.876310	0.843251	0.234206	-0.244649	0.026237	-0.001707	0.754247
15.722104	-0.398174	-0.058502	-1.219461	-0.299382	-1.571659	-0.831591	0.855891	0.224606	-0.238096	0.025164	-0.001639	0.746214
15.775065	-0.339989	-0.044138	-1.234310	-0.297782	-1.571747	-0.773239	0.865603	0.224472	-0.230553	0.024145	-0.001424	0.782599
15.829700	-0.295926	-0.033307	-1.245613	-0.296570	-1.571834	-0.729024	0.873067	0.217481	-0.223521	0.023176	-0.001341	0.810381
15.884051	-0.263906	-0.025326	-1.253800	-0.295843	-1.571873	-0.696939	0.882470	0.212687	-0.218084	0.024305	-0.001348	0.846900
15.937105	-0.205609	-0.010992	-1.268731	-0.294136	-1.571960	-0.638616	0.886172	0.217748	-0.229301	0.022942	-0.001259	0.879684
15.989514	-0.162007	-0.000224	-1.279885	-0.293021	-1.572028	-0.594847	0.897110	0.220028	-0.225057	0.024030	-0.001398	0.907855
16.041496	-0.118366	0.010576	-1.291027	-0.291906	-1.572076	-0.551127	0.904480	0.221334	-0.226858	0.024293	-0.001202	0.896382
16.092924	-0.060163	0.024878	-1.305920	-0.290171	-1.572173	-0.492803	0.912578	0.217307	-0.229314	0.024244	-0.001257	0.873250
16.142885	-0.031061	0.032044	-1.313341	-0.289550	-1.572212	-0.463637	0.914902	0.230343	-0.242119	0.024865	-0.001251	0.866636
16.191381	0.027161	0.046433	-1.328278	-0.287970	-1.572299	-0.405314	0.919394	0.242858	-0.250220	0.025922	-0.001333	0.848389
16.237157	0.071311	0.057339	-1.339525	-0.286748	-1.572348	-0.361080	0.926742	0.243052	-0.253823	0.028907	-0.001365	0.834593
16.280948	0.114982	0.068057	-1.350692	-0.285613	-1.572416	-0.317340	0.931965	0.258610	-0.293302	0.034671	-0.001574	0.822465
16.320638	0.158579	0.078795	-1.361859	-0.284411	-1.572474	-0.273590	0.932494	0.271772	-0.327854	0.069525	-0.001737	0.852279
16.356781	0.217261	0.093284	-1.376901	-0.282802	-1.572561	-0.214782	0.943754	0.273160	-0.367837	0.098727	-0.001729	0.871398
16.390114	0.261069	0.104226	-1.388646	-0.281037	-1.572619	-0.171052	0.936095	0.280894	-0.386216	0.137607	-0.001745	0.878439
16.423448	0.287471	0.111393	-1.398102	-0.278157	-1.572658	-0.144697	0.819738	0.241855	-0.354631	0.151809	-0.001486	0.790969
16.456781	0.328803	0.124351	-1.422140	-0.266386	-1.572726	-0.103372	0.761522	0.212299	-0.322655	0.147360	-0.001357	0.725388
16.490114	0.340412	0.129228	-1.435067	-0.258309	-1.572745	-0.091639	0.645078	0.183134	-0.280281	0.143014	-0.000905	0.660825
16.523448	0.348281	0.133477	-1.449176	-0.248448	-1.572774	-0.083543	0.556765	0.153901	-0.248341	0.138839	-0.000518	0.601935
16.556781	0.349550	0.135039	-1.456013	-0.243183	-1.572774	-0.082118	0.469410	0.114404	-0.216028	0.130421	-0.000258	0.564512
16.590114	0.349637	0.135113	-1.456138	-0.242950	-1.572774	-0.082118	0.379778	0.084577	-0.180462	0.107115	-0.000065	0.534973
16.623448	0.349681	0.135182	-1.456212	-0.242950	-1.572774	-0.082127	0.252435	0.065015	-0.133591	0.068547	0.000000	0.511832
16.656781	0.349706	0.135207	-1.456243	-0.242940	-1.572774	-0.082127	0.144700	0.019579	-0.074296	0.029260	0.000000	0.469872
16.690114	0.349700	0.135225	-1.456256	-0.242940	-1.572774	-0.082137	0.064412	-0.031303	-0.007021	0.015982	0.000000	0.464345
16.723448	0.349700	0.135232	-1.456268	-0.242940	-1.572774	-0.082137	-0.060182	-0.118764	0.050443	0.016769	0.000000	0.443445
16.756781	0.349693	0.135238	-1.456268	-0.242940	-1.572774	-0.082137	-0.114752	-0.227179	0.114821	0.042025	-0.000711	0.424828
16.790114	0.349687	0.135232	-1.456268	-0.242940	-1.572774	-0.082127	-0.161920	-0.385797	0.195357	0.077103	-0.004460	0.413687
16.823448	0.348468	0.131530	-1.454738	-0.241854	-1.572881	-0.079112	-0.196135	-0.504815	0.255789	0.130318	-0.010278	0.413818
16.856781	0.343479	0.117751	-1.447913	-0.238218	-1.573443	-0.069784	-0.238226	-0.623817	0.316150	0.170495	-0.019327	0.420552
16.897530	0.333419	0.089930	-1.434352	-0.231043	-1.574316	-0.050857	-0.210341	-0.608702	0.308673	0.172303	-0.027285	0.351071
16.948515	0.319677	0.051740	-1.415913	-0.221104	-1.575674	-0.024793	-0.187262	-0.590301	0.299206	0.164337	-0.027217	0.281018
17.006415	0.298713	-0.006345	-1.387819	-0.206017	-1.577778	0.015058	-0.170792	-0.560836	0.284224	0.175032	-0.026273	0.247473
17.072529	0.283036	-0.049917	-1.366699	-0.194633	-1.579261	0.045078	-0.151085	-0.546930	0.276881	0.162258	-0.024313	0.216734
17.142645	0.267322	-0.093526	-1.345597	-0.183260	-1.580803	0.075107	-0.142544	-0.529270	0.266721	0.158918	-0.024646	0.204363
17.214825	0.251483	-0.137620	-1.324191	-0.171721	-1.582480	0.105466	-0.138525	-0.502469	0.243933	0.145508	-0.022329	0.198519
17.285689	0.230524	-0.195830	-1.296090	-0.156537	-1.584449	0.145386	-0.139975	-0.476512	0.225698	0.132113	-0.020403	0.202207
17.351307	0.221112	-0.221958	-1.283474	-0.149730	-1.585467	0.163217	-0.146103	-0.461889	0.214308	0.122405	-0.018685	0.218374
17.406677	0.206493	-0.262525	-1.263903	-0.139122	-1.586844	0.191036	-0.161054	-0.452066	0.217269	0.112673	-0.016500	0.258132
17.455815	0.201367	-0.276684	-1.256842	-0.135399	-1.587367	0.200936	-0.162862	-0.428803	0.190254	0.099337	-0.011927	0.286294
17.496350	0.199868	-0.281201	-1.254615	-0.134158	-1.587581	0.204223	-0.162945	-0.422003	0.180408	0.087240	-0.007229	0.323789
17.529683	0.199774	-0.281512	-1.254528	-0.134003	-1.587590	0.204456	-0.166797	-0.392939	0.159151	0.067281	-0.003749	0.348440
17.563017	0.199706	-0.281648	-1.254485	-0.134012	-1.587590	0.204456	-0.135356	-0.234186	0.100744	0.033709	-0.000258	0.277551
17.596350	0.199681	-0.281686	-1.254466	-0.134022	-1.587590	0.204456	-0.103679	-0.162927	0.050941	0.012252	0.000064	0.198706
17.629683	0.199675	-0.281692	-1.254454	-0.134032	-1.587590	0.204446	-0.061700	-0.052290	0.018752	0.001369	0.000064	0.044419
17.663017	0.199656	-0.281692	-1.254454	-0.134041	-1.587581	0.204446	-0.042551	-0.013675	0.001884	-0.000137	0.000064	-0.081827
17.696350	0.199637	-0.281698	-1.254447	-0.134041	-1.587581	0.204446	-0.012790	-0.001188	-0.000089	-0.000274	0.000064	-0.210385
17.729683	0.199637	-0.281698	-1.254447	-0.134041	-1.587581	0.204446	-0.001443	0.002511	-0.002346	-0.001643	0.000000	-0.337329
17.763017	0.199637	-0.281698	-1.254447	-0.134051	-1.587581	0.204446	0.002862	0.008517	-0.008176	-0.004688	0.000065	-0.432522
17.796350	0.199644	-0.281698	-1.254447	-0.134051	-1.587581	0.204446	0.004504	0.015151	-0.013899	-0.011020	0.001164	-0.608145
17.829683	0.199644	-0.281698	-1.254460	-0.134090	-1.587571	0.202991	0.004902	0.024109	-0.023124	-0.017796	0.004073	-0.703135
17.863017	0.199675	-0.281636	-1.254578	-0.134487	-1.587406	0.193925	0.006818	0.031184	-0.029132	-0.028610	0.008210	-0.788074
17.896350	0.199836	-0.280591	-1.255318	-0.135360	-1.586970	0.169830	0.007428	0.033950	-0.031211	-0.036070	0.014351	-0.897841
17.929683	0.200098	-0.278526	-1.257334	-0.137163	-1.586349	0.127991	0.008996	0.045894	-0.042996	-0.039047	0.022496	-0.979479
17.963017	0.200645	-0.276130	-1.259324	-0.139083	-1.585428	0.077056	0.010314	0.052494	-0.048826	-0.053387	0.026633	-1.062033
17.996350	0.201298	-0.272852	-1.262547	-0.142147	-1.584138	0.002734	0.011248	0.058873	-0.055775	-0.060368	0.026050	-1.145489
18.029683	0.202026	-0.270258	-1.264643	-0.144271	-1.583140	-0.052340	0.012069	0.068188	-0.063898	-0.065878	0.029929	-1.228988
18.063017	0.202157	-0.269250	-1.265371	-0.145114	-1.582888	-0.070492	0.013226	0.074686	-0.069177	-0.072859	0.030446	-1.316066
18.096350	0.203090	-0.264870	-1.269496	-0.149177	-1.581171	-0.173980	0.014358	0.078198	-0.071826	-0.071353	0.031352	-1.343307
18.129683	0.203389	-0.262451	-1.271536	-0.151417	-1.580202	-0.228997	0.015030	0.079097	-0.070563	-0.071730	0.033097	-1.425003
18.163017	0.204154	-0.260111	-1.273969	-0.153599	-1.579193	-0.284052	0.015565	0.081489	-0.072395	-0.071969	0.034454	-1.536457
18.196350	0.204795	-0.256696	-1.276862	-0.156614	-1.577923	-0.357802	0.015577	0.077638	-0.070350	-0.073886	0.028443	-1.636144
18.229683	0.205261	-0.254251	-1.279157	-0.158689	-1.577070	-0.412218	0.015490	0.077231	-0.070742	-0.073886	0.029347	-1.690060
18.263017	0.205672	-0.251918	-1.281154	-0.160890	-1.576178	-0.466672	0.016013	0.076688	-0.068040	-0.067862	0.032063	-1.738450
18.296350	0.206256	-0.249523	-1.283281	-0.163169	-1.575169	-0.521737	0.015167	0.073685	-0.065907	-0.062421	0.027538	-1.725869
18.329683	0.206823	-0.246251	-1.286305	-0.166049	-1.573870	-0.596127	0.016411	0.075755	-0.066618	-0.065262	0.027020	-1.733127
18.363017	0.207190	-0.244385	-1.287953	-0.167513	-1.573288	-0.633652	0.015217	0.076518	-0.067187	-0.064885	0.022624	-1.768353
18.396350	0.207619	-0.241940	-1.290131	-0.169830	-1.572357	-0.691092	0.016162	0.075687	-0.066582	-0.065535	0.025146	-1.739264
18.429683	0.207886	-0.241131	-1.290865	-0.170596	-1.572037	-0.709244	0.015515	0.075381	-0.067400	-0.068102	0.027408	-1.762870
18.463017	0.208390	-0.237853	-1.293826	-0.173563	-1.570796	-0.782451	0.015229	0.075992	-0.067471	-0.067726	0.026826	-1.692955
18.496350	0.209305	-0.234674	-1.296570	-0.176433	-1.569507	-0.856229	0.015080	0.076857	-0.067489	-0.067897	0.033614	-1.693013
18.529683	0.209610	-0.232055	-1.298952	-0.178731	-1.568556	-0.910664	0.015428	0.075144	-0.068093	-0.067897	0.033549	-1.697478
18.563017	0.210362	-0.228944	-1.301733	-0.181572	-1.567315	-0.983241	0.014769	0.076416	-0.067827	-0.073646	0.031480	-1.669349
18.596350	0.210698	-0.226611	-1.304016	-0.183793	-1.566288	-1.037695	0.015279	0.076162	-0.071897	-0.073475	0.029024	-1.702074
18.629683	0.211470	-0.224055	-1.306231	-0.186101	-1.565337	-1.096377	0.015328	0.080437	-0.071505	-0.070806	0.029993	-1.674803
18.663017	0.211911	-0.221342	-1.308489	-0.188399	-1.564436	-1.155650	0.015801	0.078724	-0.070208	-0.068239	0.030963	-1.669989
18.696350	0.212409	-0.218698	-1.310959	-0.190697	-1.563408	-1.212451	0.015751	0.077248	-0.067258	-0.068821	0.030058	-1.673305
18.729683	0.212801	-0.216366	-1.313148	-0.192946	-1.562409	-1.266314	0.016038	0.076365	-0.067844	-0.069026	0.028894	-1.620756
18.763017	0.213386	-0.214014	-1.315295	-0.195089	-1.561536	-1.320720	0.014856	0.074906	-0.068537	-0.068889	0.027149	-1.605746
18.796350	0.213641	-0.211638	-1.317366	-0.197213	-1.560654	-1.375213	0.015192	0.074567	-0.068182	-0.068547	0.030511	-1.525650
18.829683	0.214462	-0.208987	-1.319817	-0.199598	-1.559587	-1.434457	0.014097	0.074363	-0.067809	-0.065193	0.029347	-1.414328
18.863017	0.214854	-0.206350	-1.321771	-0.201857	-1.558569	-1.488873	0.013400	0.070936	-0.061659	-0.067007	0.028959	-1.305434
18.896350	0.215519	-0.204054	-1.324203	-0.203951	-1.557755	-1.543909	0.011770	0.065592	-0.059793	-0.064475	0.030188	-1.223927
18.929683	0.215762	-0.201479	-1.326436	-0.206211	-1.556805	-1.601369	0.010762	0.059806	-0.053643	-0.058965	0.029412	-1.142449
18.963017	0.216409	-0.199270	-1.328651	-0.208480	-1.555786	-1.655619	0.009531	0.053664	-0.047902	-0.051915	0.026245	-1.061000
18.996350	0.216733	-0.196788	-1.330673	-0.210467	-1.554933	-1.705798	0.008349	0.049033	-0.059899	-0.043531	0.019587	-0.973283
19.029683	0.217205	-0.195332	-1.331786	-0.211834	-1.554390	-1.739880	0.006569	0.049966	-0.132738	-0.017180	0.016613	-0.854760
19.063017	0.217411	-0.194648	-1.332533	-0.212455	-1.554099	-1.757304	0.005810	0.050390	-0.237481	0.082955	0.010731	-0.800597
19.096350	0.217398	-0.194437	-1.332639	-0.212717	-1.553973	-1.762298	0.003782	0.049389	-0.361901	0.214025	0.003685	-0.719090
19.129683	0.217355	-0.194337	-1.332825	-0.212736	-1.553964	-1.762802	0.002625	0.043264	-0.494194	0.378086	0.001422	-0.637467
19.163017	0.217292	-0.193659	-1.339127	-0.207335	-1.553964	-1.762792	0.000796	0.028911	-0.662623	0.554262	0.000065	-0.554956
19.196350	0.217174	-0.190667	-1.366879	-0.182106	-1.553964	-1.762841	0.000012	0.009501	-0.767722	0.785775	-0.000518	-0.466948
19.229683	0.216975	-0.187873	-1.405710	-0.146453	-1.553983	-1.762976	-0.001282	-0.007906	-0.848008	0.940082	-0.001034	-0.385558
19.263017	0.216670	-0.185945	-1.452436	-0.101927	-1.554041	-1.763132	-0.001879	-0.018341	-0.892444	1.058833	-0.001552	-0.271966
19.296350	0.216546	-0.185615	-1.500058	-0.054328	-1.554119	-1.763267	-0.002787	-0.021428	-0.907534	1.121904	-0.001875	-0.218282
19.329683	0.216353	-0.188670	-1.561297	0.010297	-1.554196	-1.763500	-0.003334	-0.022107	-0.905081	1.098633	-0.002004	-0.140819
19.363017	0.216166	-0.193304	-1.600290	0.053708	-1.554245	-1.763675	-0.004417	-0.024567	-0.863276	1.007979	-0.001745	-0.054876
19.396350	0.215918	-0.198231	-1.629211	0.087257	-1.554303	-1.763820	-0.007154	-0.037835	-0.774760	0.869414	-0.001357	-0.020478
19.429683	0.215768	-0.201373	-1.644957	0.106194	-1.554332	-1.763878	-0.008535	-0.056633	-0.639872	0.705387	-0.000969	-0.008261
19.463017	0.215768	-0.202294	-1.650313	0.112971	-1.554351	-1.763898	-0.009182	-0.079131	-0.483388	0.479658	-0.000581	-0.006661
19.496350	0.215793	-0.202443	-1.651134	0.113960	-1.554361	-1.763888	-0.008859	-0.094859	-0.287285	0.306630	-0.000452	-0.006443
19.529683	0.215812	-0.202667	-1.651209	0.113980	-1.554361	-1.763898	-0.008212	-0.090430	-0.156431	0.159886	-0.001164	-0.006516
19.563017	0.215743	-0.204539	-1.649604	0.113757	-1.554390	-1.764208	-0.007938	-0.077824	-0.052967	0.056911	-0.002392	-0.006356
19.596350	0.215190	-0.208639	-1.644739	0.113301	-1.554516	-1.764780	-0.007552	-0.064302	0.017650	0.006468	-0.003620	-0.006123
19.629683	0.213778	-0.214960	-1.637703	0.112341	-1.554720	-1.765924	-0.007042	-0.055632	0.050941	-0.008145	-0.003943	-0.005803
19.663017	0.213025	-0.220397	-1.631084	0.111527	-1.554904	-1.766894	-0.006569	-0.053088	0.060699	-0.009069	-0.003297	-0.005294
19.696350	0.212583	-0.221828	-1.629877	0.111294	-1.554962	-1.767068	-0.006308	-0.052426	0.061819	-0.008590	-0.002197	-0.004523
19.729683	0.212546	-0.221840	-1.629777	0.111313	-1.554962	-1.767088	-0.006221	-0.051815	0.060024	-0.006913	-0.000905	-0.003680
19.763017	0.212565	-0.221809	-1.629709	0.111362	-1.554972	-1.767097	-0.005126	-0.046505	0.053909	-0.004312	-0.000258	-0.003054
19.796350	0.212577	-0.221772	-1.629665	0.111410	-1.554972	-1.767097	-0.002924	-0.031812	0.060254	-0.010848	0.000065	-0.002458
19.829683	0.212577	-0.221759	-1.629640	0.111449	-1.554982	-1.767097	-0.000373	-0.005327	0.104601	-0.048287	0.000065	-0.001673
19.863017	0.212645	-0.221666	-1.629585	0.111527	-1.554953	-1.767117	0.002476	0.023922	0.245906	-0.136649	-0.000453	-0.001207
19.896350	0.212633	-0.221666	-1.629597	0.111449	-1.554953	-1.767126	0.007378	0.032830	0.375942	-0.344343	-0.004396	-0.000524
19.929683	0.212614	-0.221591	-1.627849	0.108918	-1.555040	-1.767097	0.011098	0.033101	0.515701	-0.517062	-0.012541	0.001934
19.963017	0.212658	-0.220303	-1.618909	0.097729	-1.555631	-1.766991	0.013176	0.025755	0.664436	-0.692759	-0.029735	0.012537
19.996350	0.213230	-0.216913	-1.597186	0.072596	-1.556756	-1.766826	0.015403	0.010994	0.825026	-0.870406	-0.043827	0.055734
20.029683	0.214350	-0.211625	-1.544338	0.013778	-1.559423	-1.766293	0.016510	-0.009790	0.987838	-1.055445	-0.055915	0.095121
20.063017	0.215557	-0.209790	-1.498229	-0.035110	-1.561536	-1.765992	0.012056	-0.038021	1.165615	-1.230115	-0.066258	0.194517
20.096350	0.216428	-0.209703	-1.449238	-0.084871	-1.563776	-1.765662	-0.002961	-0.083203	1.398920	-1.390548	-0.069878	0.275907
20.129683	0.217467	-0.212365	-1.397125	-0.135438	-1.566123	-1.765168	-0.034937	-0.115557	1.533115	-1.556252	-0.071106	0.336805
20.163017	0.218574	-0.217740	-1.340906	-0.187536	-1.568498	-1.764780	-0.063068	-0.138445	1.577568	-1.564807	-0.070977	0.448404
20.196350	0.219171	-0.225349	-1.283991	-0.238102	-1.570699	-1.764499	-0.083709	-0.152917	1.516816	-1.486302	-0.075178	0.557386
20.229683	0.220247	-0.235607	-1.221650	-0.291276	-1.572968	-1.764130	-0.122068	-0.163776	1.393961	-1.345752	-0.071882	0.639910
20.263017	0.220820	-0.252173	-1.139322	-0.358229	-1.575887	-1.760368	-0.151779	-0.163114	1.256886	-1.165572	-0.063349	0.749663
20.296350	0.218605	-0.263962	-1.086469	-0.399360	-1.577632	-1.746929	-0.191407	-0.155802	1.108045	-0.978651	-0.050162	0.858397
20.329683	0.211096	-0.271067	-1.053939	-0.423747	-1.578631	-1.717084	-0.231731	-0.142279	0.950601	-0.785296	-0.029929	0.914422
20.363017	0.195177	-0.272983	-1.040999	-0.432822	-1.578951	-1.655639	-0.261903	-0.120800	0.782527	-0.596047	-0.015708	0.995638
20.396350	0.181099	-0.271676	-1.041261	-0.431562	-1.578931	-1.601311	-0.292112	-0.091856	0.608785	-0.339141	-0.002521	1.078512
20.429683	0.170760	-0.269598	-1.042393	-0.429836	-1.578873	-1.561294	-0.322993	-0.058381	0.365402	-0.159646	0.001939	1.158855
20.463017	0.151624	-0.266830	-1.044757	-0.426849	-1.578670	-1.486895	-0.343423	-0.007737	0.189135	0.002943	0.004073	1.240871
20.496350	0.137340	-0.264535	-1.046225	-0.424648	-1.578515	-1.431888	-0.383287	0.030268	0.020121	0.047295	0.004653	1.321680
20.529683	0.118646	-0.262034	-1.048433	-0.421730	-1.578340	-1.359272	-0.412339	0.053020	-0.023018	0.071935	0.004913	1.458237
20.563017	0.099691	-0.259029	-1.050629	-0.418908	-1.578214	-1.286075	-0.426933	0.065795	-0.049643	0.069642	0.004072	1.539453
20.596350	0.085476	-0.257013	-1.052048	-0.416707	-1.578088	-1.231068	-0.449465	0.067713	-0.051527	0.074022	0.003491	1.619433
20.629683	0.071411	-0.255010	-1.053566	-0.414622	-1.578001	-1.176623	-0.455351	0.065914	-0.051456	0.071216	0.003103	1.693944
20.663017	0.057077	-0.252864	-1.055295	-0.412412	-1.577904	-1.120967	-0.455413	0.065965	-0.050230	0.065946	0.003103	1.736283
20.696350	0.047460	-0.251626	-1.056197	-0.410947	-1.577836	-1.084072	-0.463177	0.066779	-0.051119	0.068923	0.002715	1.807579
20.729683	0.028604	-0.248858	-1.058213	-0.408097	-1.577710	-1.010895	-0.462803	0.065846	-0.050265	0.068718	0.002909	1.790911
20.763017	0.014650	-0.246848	-1.059681	-0.405925	-1.577623	-0.957071	-0.453882	0.062707	-0.048861	0.065843	0.003362	1.792962
20.796350	0.005139	-0.245430	-1.060987	-0.404499	-1.577545	-0.920167	-0.454965	0.065456	-0.049288	0.068650	0.003814	1.841817
20.829683	-0.013636	-0.242643	-1.062959	-0.401639	-1.577370	-0.847600	-0.454828	0.063742	-0.048932	0.071045	0.003878	1.811855
20.863017	-0.032498	-0.240049	-1.065037	-0.398633	-1.577206	-0.774364	-0.454928	0.065388	-0.050230	0.068821	0.003943	1.786417
20.896350	-0.046608	-0.237890	-1.066536	-0.396578	-1.577099	-0.719929	-0.454840	0.069222	-0.052665	0.071832	0.004137	1.814532
20.929683	-0.060829	-0.236036	-1.068160	-0.394367	-1.576983	-0.664873	-0.464682	0.067000	-0.052398	0.074091	0.003232	1.759176
20.963017	-0.079778	-0.233013	-1.070232	-0.391526	-1.576827	-0.591696	-0.473528	0.067679	-0.052061	0.074536	0.003167	1.732937
20.996350	-0.089601	-0.231638	-1.071277	-0.389994	-1.576760	-0.553560	-0.464334	0.071428	-0.053714	0.068992	0.003361	1.786490
21.029683	-0.108836	-0.228888	-1.073417	-0.386959	-1.576643	-0.479190	-0.464844	0.069223	-0.050639	0.071832	0.003297	1.786432
21.063017	-0.127723	-0.226244	-1.075600	-0.384137	-1.576498	-0.406012	-0.473951	0.067526	-0.050177	0.072003	0.003232	1.784672
21.096350	-0.141988	-0.224291	-1.077081	-0.381936	-1.576410	-0.350947	-0.464819	0.067526	-0.050603	0.072106	0.003427	1.785443
21.129683	-0.156010	-0.222033	-1.078543	-0.379871	-1.576313	-0.296561	-0.455226	0.067577	-0.050941	0.071593	0.003684	1.785443
21.163017	-0.175264	-0.219240	-1.080764	-0.376884	-1.576149	-0.222142	-0.455512	0.065235	-0.050728	0.068889	0.003878	1.786432
21.196350	-0.189304	-0.217261	-1.082213	-0.374751	-1.576023	-0.167736	-0.455151	0.067611	-0.049590	0.069095	0.003620	1.733766
21.229683	-0.203563	-0.215289	-1.083706	-0.372521	-1.575897	-0.112700	-0.445098	0.065134	-0.049181	0.068889	0.003620	1.707412
21.263017	-0.217771	-0.213131	-1.085305	-0.370359	-1.575790	-0.057654	-0.454778	0.063675	-0.048541	0.066015	0.003684	1.681101
21.296350	-0.231837	-0.211258	-1.087022	-0.368303	-1.575683	-0.003200	-0.444800	0.063878	-0.047617	0.066665	0.003167	1.679269
21.329683	-0.246046	-0.209093	-1.088490	-0.365996	-1.575557	0.051817	-0.416718	0.063013	-0.047013	0.066083	0.003297	1.681072
21.363017	-0.260111	-0.206847	-1.090058	-0.363872	-1.575470	0.106291	-0.416569	0.061622	-0.047351	0.063551	0.003167	1.652914
21.396350	-0.274364	-0.205006	-1.091707	-0.361778	-1.575373	0.161365	-0.427630	0.058127	-0.043671	0.066665	0.002779	1.680156
21.429683	-0.288404	-0.202897	-1.093175	-0.359577	-1.575266	0.215761	-0.417266	0.058381	-0.045093	0.061395	0.002844	1.682032
21.463017	-0.302327	-0.200869	-1.094624	-0.357463	-1.575169	0.269566	-0.417340	0.060247	-0.046426	0.058759	0.002908	1.657568
21.496350	-0.316990	-0.198928	-1.096217	-0.355301	-1.575072	0.326444	-0.417850	0.060451	-0.044489	0.061771	0.002521	1.685639
21.529683	-0.331236	-0.196645	-1.097791	-0.352993	-1.574966	0.381432	-0.427580	0.059823	-0.045022	0.061429	0.002779	1.714641
21.563017	-0.336082	-0.195948	-1.098400	-0.352333	-1.574927	0.400185	-0.429148	0.059552	-0.045022	0.061908	0.003167	1.714670
21.596350	-0.350272	-0.193883	-1.099900	-0.350181	-1.574791	0.455221	-0.439201	0.062589	-0.046053	0.062113	0.003297	1.743700
21.629683	-0.369825	-0.191040	-1.102170	-0.347098	-1.574636	0.530832	-0.449540	0.062266	-0.046870	0.064406	0.003555	1.745402
21.663017	-0.383896	-0.189093	-1.103582	-0.345042	-1.574500	0.585267	-0.449142	0.064404	-0.048968	0.065022	0.003814	1.717288
21.696350	-0.397974	-0.187158	-1.105275	-0.342773	-1.574394	0.639702	-0.450100	0.066321	-0.049679	0.070155	0.003814	1.720909
21.729683	-0.412488	-0.185012	-1.106824	-0.340572	-1.574277	0.695950	-0.451033	0.065812	-0.051065	0.074878	0.003555	1.721869
21.763017	-0.431562	-0.182057	-1.108758	-0.337653	-1.574161	0.769797	-0.451058	0.070274	-0.053003	0.075426	0.003555	1.749125
21.796350	-0.446411	-0.180066	-1.110537	-0.335365	-1.574054	0.827218	-0.450710	0.069833	-0.052327	0.075152	0.003555	1.750013
21.829683	-0.465646	-0.177254	-1.112789	-0.332456	-1.573928	0.901608	-0.478891	0.068238	-0.052594	0.074536	0.003619	1.751816
21.863017	-0.484882	-0.174610	-1.114699	-0.329605	-1.573793	0.975988	-0.478916	0.068069	-0.052683	0.072756	0.003685	1.750900
21.896350	-0.498935	-0.172514	-1.116273	-0.327356	-1.573686	1.030433	-0.468862	0.070156	-0.052843	0.072551	0.003620	1.809019
21.929683	-0.513454	-0.170181	-1.118009	-0.325174	-1.573560	1.086593	-0.478928	0.070139	-0.052896	0.075083	0.003620	1.838108
21.963017	-0.527844	-0.168277	-1.119346	-0.323070	-1.573443	1.142279	-0.479177	0.068137	-0.053038	0.071935	0.003555	1.838864
21.996350	-0.542519	-0.166019	-1.121001	-0.320733	-1.573308	1.199119	-0.480172	0.070037	-0.052381	0.069539	0.003749	1.889697
22.029683	-0.556591	-0.164134	-1.122581	-0.318571	-1.573191	1.253563	-0.480471	0.067865	-0.050959	0.069847	0.003620	1.890221
22.063017	-0.575527	-0.161434	-1.124684	-0.315643	-1.573046	1.326799	-0.479202	0.066779	-0.049839	0.069266	0.003361	1.851518
22.096350	-0.589730	-0.159294	-1.126382	-0.313539	-1.572939	1.381816	-0.478244	0.068476	-0.050532	0.069882	0.003362	1.818051
22.129683	-0.604256	-0.157073	-1.127794	-0.311338	-1.572842	1.438064	-0.467531	0.068255	-0.051314	0.072791	0.003426	1.763102
22.163017	-0.623360	-0.154386	-1.129972	-0.308390	-1.572706	1.511814	-0.462169	0.069731	-0.053180	0.072448	0.003038	1.657146
22.196350	-0.637563	-0.152370	-1.131583	-0.306296	-1.572610	1.566860	-0.451182	0.069307	-0.052398	0.074399	0.003426	1.544849
22.229683	-0.652574	-0.150125	-1.133169	-0.303901	-1.572513	1.624960	-0.426112	0.068747	-0.051705	0.072311	0.003491	1.433279
22.263017	-0.671797	-0.147406	-1.135160	-0.301001	-1.572357	1.699311	-0.397744	0.064591	-0.048470	0.070087	0.004008	1.340689
22.296350	-0.686012	-0.145154	-1.136896	-0.298810	-1.572241	1.754347	-0.369700	0.059280	-0.044294	0.067383	0.003878	1.218400
22.329683	-0.704768	-0.142709	-1.138992	-0.295998	-1.572076	1.826914	-0.338608	0.053732	-0.039921	0.061292	0.003684	1.085420
22.363017	-0.718647	-0.140606	-1.140299	-0.293739	-1.571960	1.880360	-0.335485	0.046572	-0.035637	0.050923	0.003491	0.916327
22.396350	-0.730019	-0.138927	-1.141810	-0.292188	-1.571873	1.924196	-0.382727	0.043739	-0.038428	0.042915	0.002197	0.768963
22.429683	-0.739046	-0.137751	-1.142725	-0.290791	-1.571795	1.959258	-0.424482	0.046793	-0.066742	0.045207	0.001422	0.594619
22.463017	-0.740900	-0.137558	-1.142831	-0.290336	-1.571776	1.967296	-0.483892	0.065371	-0.157978	0.067315	0.000775	0.424857
22.496350	-0.741391	-0.137372	-1.142874	-0.290316	-1.571766	1.968363	-0.570961	0.086783	-0.251061	0.163719	0.000258	0.275006
22.529683	-0.741441	-0.137309	-1.142986	-0.290268	-1.571776	1.968295	-0.619622	0.110417	-0.358790	0.265222	0.000194	0.123933
22.565807	-0.744831	-0.136333	-1.146109	-0.287446	-1.571776	1.964737	-0.626306	0.134233	-0.464370	0.351124	0.000954	-0.052114
22.608206	-0.757472	-0.132967	-1.157394	-0.277585	-1.571747	1.952093	-0.597170	0.134653	-0.480433	0.423456	0.001525	-0.178734
22.656817	-0.795619	-0.123437	-1.191112	-0.248186	-1.571611	1.914587	-0.565634	0.135863	-0.493875	0.451032	0.001995	-0.242533
22.713420	-0.835601	-0.113334	-1.226465	-0.217390	-1.571475	1.875279	-0.523758	0.140569	-0.512264	0.457762	0.002551	-0.340234
22.775655	-0.879509	-0.102223	-1.265440	-0.183386	-1.571339	1.831917	-0.514527	0.144931	-0.529077	0.502225	0.002528	-0.388915
22.844561	-0.938055	-0.087268	-1.317435	-0.137823	-1.571116	1.773885	-0.505200	0.145428	-0.530514	0.507228	0.002533	-0.406575
22.919390	-0.981608	-0.076126	-1.356142	-0.103954	-1.570961	1.730717	-0.503646	0.146547	-0.532335	0.489126	0.002534	-0.437216
22.998073	-1.025379	-0.065103	-1.394892	-0.070075	-1.570767	1.687530	-0.516702	0.148280	-0.525585	0.476951	0.002465	-0.455791
23.080910	-1.084559	-0.050035	-1.447316	-0.024153	-1.570525	1.629013	-0.524424	0.142558	-0.508361	0.438779	0.002315	-0.469208
23.163399	-1.131085	-0.038153	-1.488636	0.011965	-1.570350	1.582936	-0.551696	0.144606	-0.498124	0.440631	0.002142	-0.497431
23.247155	-1.174713	-0.027080	-1.527393	0.045825	-1.570215	1.539749	-0.559730	0.142697	-0.492086	0.434515	0.001878	-0.523767
23.332441	-1.219373	-0.015708	-1.566977	0.080450	-1.570050	1.495573	-0.563521	0.136063	-0.482848	0.412643	0.001743	-0.518326
23.416262	-1.263070	-0.004628	-1.605721	0.114309	-1.569933	1.452405	-0.573849	0.142578	-0.491807	0.419368	0.001928	-0.531282
23.499525	-1.306697	0.006464	-1.644434	0.148159	-1.569778	1.409247	-0.563726	0.147522	-0.508925	0.436525	0.001889	-0.526356
23.580097	-1.351277	0.017879	-1.683975	0.182804	-1.569584	1.365070	-0.565494	0.148188	-0.524802	0.465417	0.002220	-0.510099
23.658536	-1.396460	0.029245	-1.723982	0.217778	-1.569410	1.320448	-0.563262	0.147314	-0.531866	0.462161	0.002280	-0.493652
23.728421	-1.440106	0.040380	-1.762720	0.251647	-1.569216	1.277290	-0.583545	0.150932	-0.547324	0.534282	0.002621	-0.519724
23.795911	-1.498826	0.055336	-1.814802	0.297191	-1.569012	1.219229	-0.557424	0.122134	-0.535090	0.506650	0.002778	-0.492582
23.855851	-1.556513	0.070011	-1.866031	0.341949	-1.568838	1.162108	-0.574862	0.067952	-0.481907	0.545001	0.002876	-0.515138
23.910202	-1.601018	0.081302	-1.905503	0.376555	-1.568692	1.118068	-0.574510	-0.016794	-0.390503	0.578859	0.003647	-0.522546
23.963282	-1.642114	0.088954	-1.939570	0.408746	-1.568498	1.077576	-0.527505	-0.115315	-0.269718	0.497711	0.006089	-0.490087
24.009783	-1.665050	0.088948	-1.954823	0.427586	-1.568207	1.054993	-0.535179	-0.246312	-0.095123	0.482378	0.011584	-0.494209
24.051922	-1.688105	0.074963	-1.958680	0.449170	-1.567471	1.032479	-0.514149	-0.434880	0.146253	0.397456	0.018204	-0.507378
24.087220	-1.696280	0.040175	-1.934786	0.461504	-1.566365	1.024528	-0.523235	-0.676684	0.462741	0.333934	0.029850	-0.518393
24.122688	-1.695390	-0.003577	-1.893901	0.465285	-1.565114	1.026031	-0.434276	-0.863186	0.763186	0.154510	0.035965	-0.450291
24.162025	-1.691570	-0.049451	-1.847207	0.464907	-1.563757	1.030181	-0.288101	-0.906412	0.949227	0.065336	0.037796	-0.367104
24.204862	-1.687751	-0.096749	-1.796680	0.461746	-1.562254	1.034331	-0.171323	-0.944711	1.030249	-0.050010	0.039184	-0.266130
24.251535	-1.683066	-0.161198	-1.723832	0.453495	-1.560140	1.039547	-0.090228	-0.957515	1.116597	-0.142566	0.036980	-0.197976
24.300094	-1.679999	-0.207407	-1.668690	0.444981	-1.558472	1.043067	-0.028859	-0.978791	1.173596	-0.191859	0.036031	-0.130941
24.350375	-1.676261	-0.266755	-1.594704	0.430592	-1.556543	1.047333	0.003819	-0.982346	1.245993	-0.234856	0.035054	-0.083528
24.403552	-1.673498	-0.310906	-1.537296	0.417619	-1.554904	1.050194	0.032608	-0.891083	1.130018	-0.274925	0.033388	-0.025126
24.457022	-1.671147	-0.356207	-1.476169	0.402163	-1.553198	1.053093	0.042637	-0.847234	1.098063	-0.286944	0.031110	-0.012966
24.509515	-1.668820	-0.402640	-1.411732	0.384283	-1.551617	1.055944	0.042309	-0.787987	1.033878	-0.304155	0.033495	0.017160
24.551611	-1.666599	-0.447854	-1.346648	0.364910	-1.549988	1.058426	0.046718	-0.843856	1.168342	-0.349734	0.037416	0.045330
24.595269	-1.664186	-0.503159	-1.264805	0.338710	-1.547991	1.061344	0.039223	-0.718514	0.963442	-0.306204	0.032180	0.045330
24.630101	-1.663134	-0.524814	-1.232052	0.327686	-1.547244	1.062421	0.040256	-0.752261	1.041099	-0.332410	0.026848	0.050539
24.663822	-1.662170	-0.547769	-1.196549	0.315313	-1.546459	1.063429	0.035631	-0.670454	0.882543	-0.260078	0.017956	0.045806
24.697415	-1.662095	-0.551745	-1.190284	0.313025	-1.546274	1.063739	0.028494	-0.590434	0.631001	-0.127815	0.009237	0.040034
24.730748	-1.662083	-0.551950	-1.190004	0.312870	-1.546255	1.063739	0.023329	-0.499250	0.326263	0.092229	0.002198	0.034877
24.764082	-1.662077	-0.552466	-1.190185	0.314062	-1.546255	1.063710	0.018626	-0.389987	0.113151	0.273435	0.000518	0.028783
24.797415	-1.662070	-0.554986	-1.195031	0.321907	-1.546255	1.063710	0.013948	-0.248471	-0.066956	0.381680	-0.000518	0.025234
24.830748	-1.662064	-0.559595	-1.203852	0.335064	-1.546255	1.063720	0.009543	-0.190854	-0.200244	0.433389	-0.001034	0.021438
24.864082	-1.662033	-0.574389	-1.232450	0.377563	-1.546333	1.063798	0.006134	-0.128927	-0.231811	0.442732	-0.001229	0.017511
24.897415	-1.661977	-0.585699	-1.254360	0.410434	-1.546410	1.063885	0.004939	-0.124261	-0.225750	0.443485	-0.001422	0.012276
24.930748	-1.661903	-0.590850	-1.264370	0.425521	-1.546439	1.063914	0.004243	-0.151424	-0.179129	0.430035	-0.001228	0.008668
24.964082	-1.661834	-0.594265	-1.271039	0.436294	-1.546468	1.063933	0.004678	-0.181896	-0.122535	0.367409	-0.000776	0.005978
24.997415	-1.661834	-0.594794	-1.272277	0.438301	-1.546468	1.063943	0.004454	-0.199982	-0.057180	0.252183	-0.002198	0.003985
25.030748	-1.661846	-0.595043	-1.272463	0.438572	-1.546478	1.063943	0.004280	-0.192771	0.001831	0.111667	-0.011377	0.003171
25.064082	-1.661828	-0.597307	-1.269110	0.437370	-1.546759	1.064050	0.004193	-0.152544	0.069124	0.003799	-0.022043	0.003142
25.097415	-1.661119	-0.607472	-1.252593	0.431921	-1.548165	1.064554	0.004131	-0.121733	0.125770	-0.050033	-0.030834	0.003243
25.130748	-1.660665	-0.619161	-1.233843	0.425870	-1.549775	1.065262	0.004143	-0.107702	0.153925	-0.063071	-0.032127	0.003258
25.164082	-1.660049	-0.628312	-1.218994	0.420867	-1.551093	1.065650	0.003907	-0.098388	0.159862	-0.066322	-0.024176	0.003418
25.197415	-1.659756	-0.630278	-1.216269	0.419868	-1.551433	1.065785	0.003757	-0.097047	0.162136	-0.063995	-0.013963	0.003316
25.230748	-1.659856	-0.630322	-1.216083	0.419810	-1.551443	1.065834	0.003359	-0.096437	0.157764	-0.047843	-0.003815	0.003098
25.264082	-1.659937	-0.630334	-1.215946	0.419800	-1.551443	1.065834	0.003521	-0.090227	0.120029	-0.027515	-0.001034	0.002923
25.297415	-1.659974	-0.630340	-1.215896	0.419810	-1.551443	1.065843	0.003670	-0.062283	0.067595	-0.006776	0.000711	0.002865
25.330748	-1.659999	-0.630340	-1.215846	0.419829	-1.551433	1.065863	0.003546	-0.030404	0.015872	-0.001506	0.000388	0.002851
25.364082	-1.659962	-0.630378	-1.215728	0.420072	-1.551336	1.065843	0.002165	-0.005446	0.004355	-0.000103	0.000259	0.002851
25.397415	-1.660024	-0.630403	-1.215908	0.419887	-1.551384	1.065892	0.001257	-0.000085	0.000729	0.000000	-0.001228	0.002793
25.430748	-1.660024	-0.630390	-1.215908	0.419878	-1.551404	1.065882	-0.000000	0.000034	0.000213	0.000068	-0.002004	0.002211
25.464082	-1.660154	-0.630309	-1.215871	0.419849	-1.551627	1.065921	-0.000572	0.000068	0.000000	0.000068	-0.001163	0.001120
25.497415	-1.660074	-0.630309	-1.215915	0.419800	-1.551636	1.065979	-0.000361	0.000085	-0.000107	-0.000582	-0.000582	0.000378
25.530748	-1.660011	-0.630309	-1.215908	0.419800	-1.551520	1.065921	-0.000211	0.000085	-0.000373	-0.000548	-0.000323	0.000320
25.630748	-1.660055	-0.630309	-1.215902	0.419829	-1.551491	1.065873	-0.000041	0.000062	-0.000142	-0.000011	0.000582	0.000145
25.730748	-1.660036	-0.630309	-1.215902	0.419839	-1.551462	1.065843	-0.000012	0.000085	0.000018	0.000000	0.000409	0.000286
25.764082	-1.660036	-0.630309	-1.215902	0.419849	-1.551443	1.065843	0.000112	0.000289	0.000462	0.000274	0.000581	0.001207
25.797415	-1.660049	-0.630309	-1.215896	0.419868	-1.551443	1.065843	0.001020	0.000509	0.014806	0.000205	0.000194	0.001469
25.830748	-1.660042	-0.630309	-1.215896	0.419868	-1.551443	1.065843	0.001978	0.004632	0.059455	-0.028028	0.000065	0.001774
25.864082	-1.660036	-0.630309	-1.215896	0.419868	-1.551443	1.065843	0.003235	0.011215	0.152822	-0.111975	0.000000	0.001862
25.897415	-1.660042	-0.630309	-1.215890	0.419868	-1.551443	1.065843	0.004006	0.013522	0.290662	-0.278979	-0.000129	0.001818
25.930748	-1.660036	-0.630284	-1.215747	0.419858	-1.551443	1.065843	0.003994	0.011045	0.442436	-0.513127	-0.001163	0.001818
25.964082	-1.660018	-0.630123	-1.210726	0.411878	-1.551462	1.065863	0.004205	-0.004038	0.595454	-0.754872	-0.003103	0.001309
25.997415	-1.659906	-0.628611	-1.195099	0.388113	-1.551617	1.065970	0.004243	-0.009026	0.632140	-0.987377	-0.006335	0.000058
26.030748	-1.659514	-0.626197	-1.162420	0.340805	-1.551908	1.066222	0.004218	-0.012436	0.654340	-1.041688	-0.009825	-0.002211
26.064082	-1.659035	-0.625351	-1.114171	0.274472	-1.552393	1.066483	0.003820	-0.012453	0.655033	-1.076013	-0.011441	-0.005265
26.097415	-1.658537	-0.626259	-1.061043	0.205988	-1.552916	1.066716	0.000411	-0.008347	0.644884	-1.070161	-0.010408	-0.008988
26.130748	-1.658070	-0.631790	-1.007487	0.140111	-1.553265	1.066949	-0.003708	0.025212	0.586709	-0.994975	-0.008403	-0.014254
26.164082	-1.658014	-0.633619	-0.994647	0.124723	-1.553362	1.067026	-0.009294	0.132473	0.370966	-0.829579	-0.004461	-0.018297
26.197415	-1.657952	-0.634869	-0.986877	0.115017	-1.553459	1.067104	-0.016224	0.249099	0.097634	-0.530272	-0.002456	-0.022602
26.230748	-1.657915	-0.634875	-0.986628	0.114930	-1.553469	1.067104	-0.021836	0.383438	-0.253300	-0.198591	-0.000840	-0.028885
26.264082	-1.657927	-0.633370	-0.990168	0.116549	-1.553469	1.067065	-0.027584	0.555782	-0.672132	0.114952	0.000841	-0.034179
26.297415	-1.658139	-0.621040	-1.009415	0.124035	-1.553430	1.066687	-0.034875	0.684912	-1.002075	0.344685	0.002456	-0.037772
26.330748	-1.659837	-0.581549	-1.072154	0.147315	-1.553295	1.065087	-0.042875	0.823340	-1.262325	0.463060	0.004138	-0.043706
26.364082	-1.661890	-0.537275	-1.141132	0.172041	-1.553101	1.063002	-0.050788	0.954711	-1.471261	0.530204	0.006788	-0.051618
26.399643	-1.664690	-0.485603	-1.219927	0.198890	-1.552848	1.060520	-0.055257	1.023386	-1.551565	0.544529	0.007574	-0.053252
26.439094	-1.668148	-0.421564	-1.314032	0.228968	-1.552441	1.057233	-0.058850	1.025011	-1.527997	0.516777	0.007264	-0.051172
26.483171	-1.670935	-0.375125	-1.379837	0.248322	-1.552179	1.054538	-0.057980	1.009242	-1.457515	0.454746	0.006600	-0.046736
26.531978	-1.673698	-0.329898	-1.441904	0.265154	-1.551956	1.051764	-0.055632	0.999198	-1.379742	0.378796	0.006269	-0.042375
26.581138	-1.676951	-0.283558	-1.503386	0.280222	-1.551733	1.048662	-0.057004	0.988372	-1.333601	0.329967	0.006093	-0.042179
26.628790	-1.680472	-0.234549	-1.566062	0.293826	-1.551384	1.045229	-0.058887	0.983133	-1.277847	0.285091	0.006512	-0.044491
26.673037	-1.683931	-0.190063	-1.620695	0.303978	-1.551006	1.041836	-0.060897	0.978857	-1.242965	0.233216	0.007840	-0.050292
26.711494	-1.687545	-0.144040	-1.675060	0.312327	-1.550696	1.038083	-0.066517	0.977732	-1.207082	0.212530	0.009076	-0.066991
26.745713	-1.692839	-0.084593	-1.742004	0.319609	-1.550328	1.032954	-0.070151	0.976368	-1.176388	0.183052	0.009194	-0.101104
26.779046	-1.696286	-0.047074	-1.782278	0.322285	-1.549959	1.029512	-0.066963	0.884436	-1.035348	0.121933	0.008403	-0.153851
26.812380	-1.698644	-0.021948	-1.808388	0.323167	-1.549717	1.027039	-0.063877	0.801912	-0.848915	0.080422	0.006658	-0.249233
26.845713	-1.699962	-0.009176	-1.821408	0.323526	-1.549629	1.025749	-0.060916	0.746127	-0.751583	0.061087	0.003814	-0.326784
26.879046	-1.700230	-0.007950	-1.822945	0.323555	-1.549620	1.025633	-0.055628	0.725241	-0.738999	0.036207	-0.001357	-0.431387
26.912380	-1.700255	-0.007614	-1.823013	0.323555	-1.549639	1.025633	-0.048648	0.700046	-0.669466	0.011567	-0.024758	-0.508982
26.945713	-1.700261	-0.005605	-1.824637	0.323613	-1.550075	1.025507	-0.041780	0.564554	-0.507418	-0.010232	-0.062574	-0.586402
26.979046	-1.700697	0.010476	-1.839779	0.324282	-1.553382	1.024140	-0.034638	0.465861	-0.406070	-0.024914	-0.110796	-0.661814
27.012380	-1.701630	0.039030	-1.865565	0.324806	-1.559006	1.021115	-0.024137	0.396214	-0.330032	-0.037781	-0.156756	-0.740790
27.045713	-1.702874	0.075859	-1.897329	0.324030	-1.566239	1.010807	-0.017369	0.358990	-0.309858	-0.053831	-0.154171	-0.818952
27.079046	-1.704155	0.112643	-1.927258	0.319948	-1.573279	0.975028	-0.012803	0.353934	-0.304330	-0.066151	-0.124177	-0.894670
27.112380	-1.704765	0.122410	-1.934300	0.316360	-1.575228	0.931463	-0.010352	0.350626	-0.298873	-0.080114	-0.076342	-0.968730
27.145713	-1.704796	0.123741	-1.934916	0.312870	-1.575509	0.878279	-0.010115	0.342770	-0.264107	-0.094248	-0.031868	-1.073770
27.179046	-1.704821	0.123331	-1.932851	0.308312	-1.575363	0.805663	-0.010314	0.296859	-0.197525	-0.106191	-0.005430	-1.152906
27.212380	-1.704865	0.122454	-1.931296	0.304822	-1.575150	0.751258	-0.010352	0.217796	-0.102770	-0.110264	0.004977	-1.208204
27.245713	-1.704908	0.121825	-1.929454	0.301418	-1.574966	0.696745	-0.009481	0.113742	-0.017027	-0.109922	0.006464	-1.289900
27.279046	-1.704970	0.120948	-1.928104	0.297976	-1.574743	0.641651	-0.007627	0.011741	0.031549	-0.109682	0.006335	-1.372512
27.312380	-1.705045	0.120077	-1.926524	0.294398	-1.574520	0.586644	-0.005201	-0.017068	0.048541	-0.109545	0.006013	-1.480010
27.345713	-1.705138	0.119325	-1.924944	0.290995	-1.574277	0.530987	-0.002899	-0.021411	0.049306	-0.105438	0.006076	-1.558404
27.379046	-1.705288	0.118889	-1.923208	0.287591	-1.574122	0.476582	-0.001767	-0.022820	0.045520	-0.101708	0.005560	-1.630108
27.412380	-1.705412	0.117564	-1.921311	0.282898	-1.573918	0.404044	-0.001779	-0.023023	0.047244	-0.102222	0.005236	-1.713142
27.445713	-1.705437	0.116948	-1.919644	0.279592	-1.573754	0.349570	-0.001817	-0.022972	0.047635	-0.105986	0.004977	-1.745009
27.479046	-1.705437	0.116152	-1.918039	0.276072	-1.573579	0.294573	-0.001854	-0.023498	0.048985	-0.105541	0.005495	-1.700940
27.512380	-1.705443	0.115891	-1.917000	0.273706	-1.573424	0.257669	-0.001866	-0.023091	0.049483	-0.109853	0.006205	-1.732108
27.545713	-1.705474	0.114964	-1.915762	0.270167	-1.573191	0.202012	-0.001829	-0.023159	0.048897	-0.109853	0.005752	-1.706612
27.579046	-1.705605	0.114012	-1.913497	0.265620	-1.572939	0.128757	-0.001804	-0.023566	0.049128	-0.110298	0.005625	-1.712095
27.612380	-1.705648	0.113402	-1.911861	0.262129	-1.572784	0.074361	-0.001692	-0.021700	0.049288	-0.106054	0.005818	-1.717404
27.645713	-1.705686	0.112332	-1.909914	0.257601	-1.572580	0.001736	-0.001580	-0.022582	0.048968	-0.105883	0.005818	-1.721011
27.679046	-1.705729	0.111611	-1.908222	0.254120	-1.572396	-0.053242	-0.001505	-0.022294	0.047190	-0.114610	0.006141	-1.719382
27.712380	-1.705791	0.110833	-1.906642	0.250571	-1.572183	-0.108918	-0.001568	-0.024516	0.051172	-0.110743	0.006206	-1.749198
27.745713	-1.705841	0.110248	-1.905087	0.247158	-1.571960	-0.163421	-0.001754	-0.023617	0.051226	-0.114781	0.006658	-1.749242
27.779046	-1.705885	0.109607	-1.903556	0.243706	-1.571747	-0.219640	-0.001866	-0.023023	0.050194	-0.111598	0.006076	-1.751060
27.812380	-1.705947	0.108668	-1.901454	0.238848	-1.571514	-0.294602	-0.001953	-0.023990	0.050355	-0.109032	0.005559	-1.727425
27.845713	-1.705984	0.107977	-1.900483	0.236618	-1.571417	-0.330885	-0.001829	-0.022955	0.050408	-0.113104	0.005365	-1.753809
27.879046	-1.706078	0.106901	-1.898194	0.231964	-1.571194	-0.405275	-0.001841	-0.022158	0.049501	-0.108998	0.005624	-1.780061
27.912380	-1.706165	0.106304	-1.896607	0.228260	-1.571010	-0.463327	-0.001817	-0.022888	0.048168	-0.108655	0.006205	-1.807216
27.945713	-1.706221	0.105570	-1.895382	0.225613	-1.570845	-0.505670	-0.001817	-0.024143	0.050141	-0.112625	0.006400	-1.808045
27.979046	-1.706314	0.104606	-1.893242	0.220939	-1.570535	-0.578848	-0.001842	-0.024465	0.051918	-0.112865	0.006335	-1.782665
28.012380	-1.706376	0.103915	-1.891699	0.217458	-1.570341	-0.635164	-0.001854	-0.023108	0.050390	-0.112659	0.006012	-1.755510
28.045713	-1.706451	0.103486	-1.890324	0.214006	-1.570176	-0.689570	-0.001842	-0.024364	0.051865	-0.112112	0.006076	-1.728341
28.079046	-1.706519	0.102441	-1.888757	0.210555	-1.570021	-0.743976	-0.001804	-0.023091	0.051136	-0.115294	0.005947	-1.677349
28.112380	-1.706569	0.101396	-1.886424	0.205726	-1.569788	-0.820790	-0.001866	-0.023346	0.050585	-0.114405	0.005883	-1.731847
28.145713	-1.706594	0.100637	-1.884962	0.202303	-1.569575	-0.875816	-0.001692	-0.023210	0.050728	-0.114884	0.006658	-1.760819
28.179046	-1.706638	0.100195	-1.883326	0.198803	-1.569342	-0.930270	-0.001680	-0.023040	0.050230	-0.110709	0.006594	-1.730058
28.212380	-1.706712	0.099044	-1.881229	0.194265	-1.569080	-1.002837	-0.001754	-0.021700	0.046568	-0.110503	0.006335	-1.728225
28.245713	-1.706768	0.098434	-1.879718	0.190842	-1.568925	-1.057253	-0.001704	-0.022650	0.047297	-0.102393	0.005560	-1.722800
28.279046	-1.706806	0.097744	-1.878281	0.187274	-1.568770	-1.112919	-0.001742	-0.022463	0.048648	-0.103317	0.005430	-1.744617
28.312380	-1.706849	0.097060	-1.876644	0.183812	-1.568595	-1.168546	-0.001792	-0.021768	0.047599	-0.102838	0.004202	-1.744617
28.345713	-1.706918	0.096158	-1.875126	0.180331	-1.568392	-1.223631	-0.001854	-0.021038	0.047422	-0.102735	0.004848	-1.744602
28.379046	-1.706924	0.095959	-1.874560	0.179207	-1.568333	-1.241773	-0.001829	-0.022497	0.045946	-0.099278	0.005559	-1.687442
28.412380	-1.707005	0.095181	-1.872744	0.175376	-1.568091	-1.301647	-0.001842	-0.021751	0.045751	-0.098731	0.005882	-1.719237
28.445713	-1.707098	0.094204	-1.870660	0.170800	-1.567820	-1.374195	-0.001829	-0.022362	0.046657	-0.102495	0.005947	-1.718248
28.479046	-1.707166	0.093414	-1.869229	0.167377	-1.567655	-1.429793	-0.001792	-0.022379	0.047031	-0.107013	0.006012	-1.713710
28.512380	-1.707247	0.092923	-1.867437	0.163838	-1.567500	-1.484228	-0.001792	-0.022514	0.047742	-0.110982	0.005301	-1.684970
28.545713	-1.707347	0.091946	-1.866162	0.160435	-1.567344	-1.539303	-0.001804	-0.022005	0.049928	-0.114507	0.005559	-1.673872
28.579046	-1.707446	0.091069	-1.864153	0.155887	-1.567092	-1.611850	-0.001779	-0.022938	0.051030	-0.106773	0.006141	-1.626880
28.612380	-1.707484	0.090235	-1.862479	0.152387	-1.566869	-1.666324	-0.001717	-0.023532	0.047777	-0.106807	0.006270	-1.560979
28.645713	-1.707515	0.089539	-1.860793	0.148886	-1.566627	-1.723212	-0.001817	-0.022718	0.046764	-0.106465	0.006270	-1.481552
28.679046	-1.707552	0.088804	-1.859387	0.145347	-1.566452	-1.778267	-0.001754	-0.022328	0.047244	-0.106294	0.005429	-1.427388
28.712380	-1.707608	0.088089	-1.857652	0.141730	-1.566288	-1.835699	-0.001605	-0.022446	0.047493	-0.106089	0.004848	-1.391798
28.745713	-1.707664	0.087548	-1.856016	0.138211	-1.566132	-1.890095	-0.001481	-0.021445	0.045520	-0.101708	0.004849	-1.365968
28.779046	-1.707708	0.086552	-1.854547	0.134865	-1.565968	-1.945111	-0.002028	-0.019087	0.040490	-0.095343	0.005624	-1.267065
28.812380	-1.707739	0.085874	-1.853260	0.131336	-1.565774	-1.999507	-0.005250	-0.016848	0.035104	-0.084289	0.005689	-1.211956
28.845713	-1.707776	0.085227	-1.851592	0.128136	-1.565551	-2.051625	-0.009306	-0.015694	0.038481	-0.076384	0.005042	-1.127628
28.879046	-1.707832	0.084692	-1.849932	0.124684	-1.565337	-2.106738	-0.010775	-0.018680	0.068306	-0.068615	0.003943	-1.028828
28.912380	-1.707882	0.084083	-1.849191	0.122900	-1.565269	-2.132870	-0.004118	-0.037648	0.129005	-0.085624	0.002456	-0.934391
28.945713	-1.707900	0.084070	-1.848967	0.122677	-1.565250	-2.137728	0.010041	-0.112809	0.262401	-0.123884	-0.013640	-0.809789
28.979046	-1.707907	0.084058	-1.849005	0.122629	-1.565260	-2.138125	0.024560	-0.213402	0.385700	-0.174807	-0.061215	-0.713374
29.012380	-1.708261	0.083784	-1.846435	0.119991	-1.567471	-2.142760	0.034278	-0.374344	0.557168	-0.186819	-0.144216	-0.616043
29.045713	-1.709972	0.081955	-1.834958	0.111711	-1.574471	-2.157625	0.046558	-0.545229	0.746179	-0.186579	-0.254237	-0.554666
29.079046	-1.712100	0.074285	-1.811467	0.097477	-1.586882	-2.182990	0.054608	-0.671204	0.893012	-0.199823	-0.294056	-0.430994
29.112380	-1.712871	0.046185	-1.763099	0.079558	-1.603386	-2.213572	0.063019	-0.837881	1.099655	-0.220767	-0.259472	-0.338492
29.146139	-1.709574	0.008305	-1.718700	0.073255	-1.609417	-2.220282	0.069963	-0.952517	1.248190	-0.258057	-0.180756	-0.244050
29.184099	-1.702532	-0.051385	-1.656976	0.070725	-1.610532	-2.212690	0.068295	-0.963496	1.266860	-0.241401	-0.078049	-0.135942
29.225953	-1.695328	-0.114690	-1.589534	0.066158	-1.609940	-2.201170	0.067510	-0.978193	1.274296	-0.222702	-0.004634	-0.059296
29.271629	-1.690525	-0.161416	-1.536985	0.060088	-1.609426	-2.193161	0.066547	-0.991760	1.270900	-0.207290	0.009765	0.000849
29.320598	-1.684429	-0.223140	-1.464144	0.048510	-1.608806	-2.183058	0.068101	-1.006917	1.267975	-0.209422	0.010737	0.015306
29.371190	-1.680435	-0.269648	-1.406544	0.037263	-1.608418	-2.175698	0.071885	-1.017154	1.269934	-0.248276	0.010051	0.019578
29.424273	-1.676267	-0.318259	-1.344048	0.023242	-1.607875	-2.168562	0.074925	-1.029372	1.328045	-0.285985	0.007550	0.019618
29.477344	-1.672404	-0.366571	-1.279698	0.006865	-1.607526	-2.161678	0.077724	-1.031715	1.388496	-0.363301	0.007917	0.032110
29.530925	-1.668994	-0.416339	-1.210907	-0.012411	-1.607245	-2.154890	0.073454	-1.034540	1.490972	-0.419174	0.006796	0.052959
29.583569	-1.665517	-0.468104	-1.136939	-0.034955	-1.606779	-2.148335	0.066050	-1.031925	1.494923	-0.508767	0.007326	0.078721
29.632188	-1.662313	-0.519868	-1.060241	-0.060030	-1.606382	-2.142101	0.061691	-1.030314	1.561449	-0.568767	0.008332	0.102879
29.677009	-1.658238	-0.592759	-0.948207	-0.099503	-1.606023	-2.134063	0.059737	-1.028858	1.532370	-0.620386	0.009278	0.106100
29.717631	-1.655420	-0.653681	-0.850824	-0.136107	-1.605616	-2.127935	0.054907	-1.027026	1.593019	-0.640297	0.008222	0.098999
29.754099	-1.652440	-0.724445	-0.733609	-0.182610	-1.605199	-2.121574	0.051199	-1.023531	1.597731	-0.648982	0.007090	0.091093
29.787432	-1.650997	-0.758984	-0.674708	-0.207054	-1.605092	-2.118772	0.045065	-0.974900	1.508444	-0.620584	0.005817	0.077493
29.820765	-1.650537	-0.774157	-0.648157	-0.218418	-1.605053	-2.117598	0.031652	-0.812058	1.216734	-0.441397	0.001680	0.060112
29.854099	-1.650375	-0.776913	-0.643392	-0.220590	-1.605024	-2.117433	0.018949	-0.653084	0.842907	-0.228638	0.001616	0.038834
29.887432	-1.650338	-0.777174	-0.643137	-0.220687	-1.605024	-2.117414	0.007602	-0.412773	0.431540	0.079156	0.009760	0.026573
29.920765	-1.650363	-0.777155	-0.644418	-0.218758	-1.604918	-2.117482	-0.002066	-0.203714	-0.190095	0.356869	0.025857	0.012785
29.954099	-1.650972	-0.773802	-0.658789	-0.203884	-1.603599	-2.118888	-0.014893	0.021429	-0.456406	0.643137	0.040272	0.001178
29.987432	-1.652428	-0.765858	-0.686149	-0.175415	-1.601146	-2.121564	-0.024872	0.137003	-0.674283	0.835362	0.073756	-0.008872
30.020765	-1.653734	-0.759332	-0.710759	-0.149837	-1.598983	-2.123959	-0.032200	0.210840	-0.856735	0.943333	0.105883	-0.021104
30.054099	-1.656577	-0.744110	-0.767015	-0.091193	-1.593932	-2.129340	-0.035659	0.248115	-0.975325	1.105409	0.122497	-0.030034
30.087432	-1.659520	-0.728377	-0.825710	-0.029865	-1.588647	-2.134916	-0.036816	0.257107	-1.007887	1.234393	0.120234	-0.043764
30.120765	-1.661716	-0.716588	-0.869798	0.016299	-1.584681	-2.139202	-0.037127	0.262689	-1.012295	1.216392	0.122884	-0.047502
30.154099	-1.663346	-0.708750	-0.898856	0.046591	-1.582034	-2.141994	-0.037189	0.254970	-0.968677	1.125806	0.112154	-0.050556
30.187432	-1.665685	-0.696849	-0.943616	0.093268	-1.578078	-2.146251	-0.037127	0.233270	-0.876322	0.983613	0.092761	-0.051865
30.220765	-1.667856	-0.685937	-0.984513	0.135884	-1.574481	-2.150081	-0.036181	0.215404	-0.761998	0.769759	0.070847	-0.051953
30.254099	-1.668540	-0.682901	-0.996152	0.148101	-1.573424	-2.151264	-0.033033	0.173820	-0.596112	0.606998	0.044473	-0.052840
30.287432	-1.668826	-0.680836	-1.003474	0.155965	-1.572755	-2.152010	-0.030396	0.130861	-0.470164	0.444135	0.023077	-0.057625
30.320765	-1.668945	-0.680313	-1.004837	0.157351	-1.572619	-2.152127	-0.024685	0.098693	-0.344002	0.277644	0.007950	-0.067486
30.354099	-1.668938	-0.680326	-1.004837	0.157361	-1.572619	-2.152117	-0.019123	0.077010	-0.214695	0.141543	0.001551	-0.086583
30.387432	-1.668932	-0.680351	-1.004837	0.157351	-1.572619	-2.152098	-0.018290	0.044536	-0.108885	0.050307	-0.000258	-0.090248
30.420765	-1.668926	-0.680376	-1.004837	0.157351	-1.572619	-2.152098	-0.019895	0.021904	-0.040507	0.010301	-0.000517	-0.091615
30.454099	-1.669063	-0.680394	-1.004806	0.157390	-1.572706	-2.151981	-0.020554	0.069799	-0.024920	-0.007974	-0.000388	-0.086467
30.487432	-1.668945	-0.680401	-1.004744	0.157390	-1.572697	-2.152030	-0.019770	0.142941	-0.039121	-0.062421	-0.000323	-0.080212
30.520765	-1.668932	-0.680512	-1.004849	0.157235	-1.572677	-2.152039	-0.019123	0.220697	-0.058353	-0.135896	0.000130	-0.073493
30.554099	-1.668920	-0.680519	-1.004831	0.157206	-1.572668	-2.152098	-0.018887	0.271596	-0.072750	-0.211082	0.003103	-0.065159
30.587432	-1.669081	-0.677906	-1.005490	0.154539	-1.572600	-2.153533	-0.018613	0.287256	-0.077158	-0.260841	0.006981	-0.052462
30.620765	-1.670861	-0.657308	-1.010716	0.139675	-1.572270	-2.161484	-0.017132	0.289191	-0.077549	-0.277884	0.009697	-0.040303
30.654099	-1.673293	-0.628424	-1.017982	0.118847	-1.571640	-2.172508	-0.012778	0.289920	-0.077673	-0.279355	0.011442	-0.026282
30.687432	-1.675962	-0.599391	-1.025260	0.097545	-1.571223	-2.183756	0.000970	0.296164	-0.085938	-0.279047	0.011571	-0.001745
30.720765	-1.677741	-0.580740	-1.030299	0.083446	-1.570913	-2.191241	0.015415	0.312095	-0.104957	-0.273127	0.009244	0.026442
30.754099	-1.678102	-0.575023	-1.031842	0.078763	-1.570748	-2.193695	0.042215	0.355953	-0.159008	-0.247118	0.004202	0.054978
30.787432	-1.678270	-0.574339	-1.031979	0.078200	-1.570719	-2.194024	0.062570	0.393618	-0.207034	-0.182815	0.002392	0.084227
30.820765	-1.678251	-0.574090	-1.032010	0.078210	-1.570719	-2.194024	0.096301	0.418559	-0.287089	-0.069950	-0.000711	0.124267
30.854099	-1.677505	-0.571807	-1.034866	0.078550	-1.570748	-2.193006	0.142062	0.397368	-0.323793	-0.018412	-0.003815	0.155102
30.887432	-1.675321	-0.566078	-1.041553	0.079442	-1.570913	-2.190417	0.192676	0.408158	-0.411456	0.028267	-0.006659	0.187303
30.920765	-1.668441	-0.550003	-1.060689	0.081837	-1.571291	-2.182534	0.221529	0.468321	-0.516199	0.035488	-0.012476	0.232783
30.954099	-1.661355	-0.533579	-1.079818	0.083921	-1.571718	-2.174409	0.263943	0.556664	-0.617370	0.029157	-0.015450	0.273522
30.987432	-1.647837	-0.503837	-1.113324	0.086617	-1.572590	-2.159030	0.306246	0.604187	-0.663547	0.014168	-0.019457	0.323206
31.020765	-1.637647	-0.482723	-1.136392	0.087732	-1.573143	-2.147443	0.361152	0.674987	-0.726574	0.001985	-0.024952	0.383376
31.054099	-1.620769	-0.449733	-1.171316	0.088275	-1.574054	-2.128235	0.421036	0.737966	-0.769961	-0.023613	-0.028507	0.430282
31.089280	-1.598050	-0.409023	-1.212145	0.086462	-1.575228	-2.102365	0.440350	0.767912	-0.754447	-0.050030	-0.024866	0.440995
31.126947	-1.574523	-0.370913	-1.248040	0.082263	-1.576323	-2.075856	0.449755	0.755235	-0.716640	-0.084799	-0.022367	0.459583
31.166449	-1.562529	-0.352804	-1.264220	0.079412	-1.576760	-2.062407	0.464278	0.730487	-0.664184	-0.124375	-0.019418	0.461780
31.205710	-1.543990	-0.326595	-1.286641	0.074244	-1.577593	-2.041657	0.482537	0.711865	-0.611638	-0.157160	-0.020580	0.499223
31.245385	-1.524618	-0.301220	-1.307251	0.067893	-1.578195	-2.019976	0.492779	0.698613	-0.542093	-0.184359	-0.019443	0.539610
31.284883	-1.497526	-0.268895	-1.331587	0.057770	-1.579087	-1.989957	0.529012	0.652824	-0.480016	-0.211811	-0.017238	0.583767
31.323463	-1.467752	-0.237088	-1.353187	0.045514	-1.579998	-1.957047	0.569218	0.598449	-0.429805	-0.225550	-0.017314	0.614548
31.361447	-1.445867	-0.216160	-1.366064	0.035808	-1.580425	-1.933069	0.595200	0.566014	-0.364802	-0.238542	-0.014523	0.667212
31.399967	-1.423396	-0.196402	-1.377081	0.025550	-1.580958	-1.908304	0.610733	0.548209	-0.308852	-0.268011	-0.012194	0.691130
31.438566	-1.400217	-0.177833	-1.386183	0.014632	-1.581404	-1.882871	0.635548	0.514631	-0.257688	-0.277628	-0.009490	0.706908
31.477884	-1.384267	-0.166094	-1.391383	0.006943	-1.581598	-1.865485	0.652530	0.479363	-0.189125	-0.286936	-0.009535	0.711563
31.517345	-1.368092	-0.155058	-1.395545	-0.000970	-1.581802	-1.847799	0.685681	0.430850	-0.135096	-0.311481	-0.007535	0.741496
31.555901	-1.334412	-0.134417	-1.401785	-0.017638	-1.582267	-1.811225	0.721064	0.382297	-0.086791	-0.347230	-0.006706	0.767640
31.594076	-1.308246	-0.120519	-1.404354	-0.030660	-1.582480	-1.782825	0.735073	0.352736	-0.031801	-0.361991	-0.004685	0.808411
31.631319	-1.281645	-0.108089	-1.405132	-0.043924	-1.582568	-1.754066	0.756956	0.321394	0.018772	-0.408812	-0.003008	0.846622
31.668228	-1.245172	-0.093893	-1.403999	-0.062114	-1.582606	-1.714621	0.781760	0.282751	0.063696	-0.409858	0.000000	0.860414
31.706203	-1.206552	-0.081874	-1.398674	-0.081245	-1.582538	-1.673034	0.795867	0.247241	0.118836	-0.418168	0.003632	0.853461
31.744115	-1.177680	-0.074950	-1.392845	-0.095479	-1.582345	-1.641909	0.813244	0.218942	0.166138	-0.427538	0.005854	0.867405
31.782282	-1.138121	-0.068039	-1.382705	-0.114784	-1.581908	-1.599497	0.839671	0.156652	0.231545	-0.416552	0.008412	0.874668
31.821047	-1.107601	-0.064735	-1.373063	-0.129552	-1.581608	-1.566763	0.854182	0.108279	0.280745	-0.417449	0.011339	0.883664
31.859739	-1.076608	-0.063037	-1.361498	-0.144455	-1.581162	-1.533601	0.871549	0.061771	0.335550	-0.436938	0.012308	0.900175
31.898939	-1.044881	-0.062813	-1.348160	-0.159630	-1.580512	-1.499616	0.886533	0.007502	0.382606	-0.422791	0.016161	0.852128
31.937478	-1.013061	-0.063753	-1.333043	-0.174669	-1.579988	-1.465650	0.897594	-0.054208	0.457050	-0.419100	0.020128	0.848018
31.974264	-0.970043	-0.068648	-1.310125	-0.195099	-1.578970	-1.419699	0.901397	-0.114753	0.549835	-0.459981	0.021849	0.851556
32.008582	-0.937744	-0.074347	-1.290828	-0.210448	-1.578010	-1.385200	0.902052	-0.170693	0.628949	-0.514289	0.026433	0.859218
32.041915	-0.903553	-0.081800	-1.268401	-0.226873	-1.577118	-1.348616	0.872430	-0.205106	0.660437	-0.502997	0.030253	0.845423
32.075249	-0.871403	-0.090658	-1.245558	-0.242397	-1.576139	-1.314310	0.794219	-0.217169	0.629278	-0.478768	0.036071	0.868781
32.108582	-0.828590	-0.104855	-1.211995	-0.263467	-1.574617	-1.268573	0.743208	-0.219154	0.590371	-0.417613	0.036005	0.866672
32.141915	-0.786953	-0.121384	-1.175901	-0.284460	-1.572959	-1.224329	0.711692	-0.216541	0.527272	-0.364911	0.033290	0.871705
32.175249	-0.762760	-0.132476	-1.153076	-0.297123	-1.572086	-1.198556	0.731972	-0.201051	0.470519	-0.310771	0.027085	0.889289
32.208582	-0.747799	-0.139941	-1.138233	-0.305181	-1.571388	-1.182519	0.752626	-0.174431	0.401253	-0.251772	0.019522	0.883777
32.241915	-0.742200	-0.142666	-1.132423	-0.308206	-1.571204	-1.176333	0.757802	-0.125330	0.302322	-0.194929	0.010084	0.903513
32.275249	-0.741466	-0.143170	-1.131751	-0.308749	-1.571155	-1.175440	0.780260	-0.072836	0.202110	-0.134527	0.002457	0.941474
32.308582	-0.741012	-0.143151	-1.131689	-0.308720	-1.571136	-1.174956	0.828261	-0.003224	0.094097	-0.059204	0.001099	0.938376
32.342068	-0.735997	-0.142367	-1.132722	-0.308535	-1.571145	-1.169758	0.848340	0.070697	-0.038872	-0.005042	-0.000194	0.969904
32.377350	-0.720762	-0.138305	-1.136666	-0.308118	-1.571155	-1.154400	0.834216	0.132625	-0.147017	0.010314	-0.000672	0.938783
32.413061	-0.678895	-0.127754	-1.147571	-0.306936	-1.571194	-1.112783	0.828878	0.177834	-0.191694	0.022840	-0.001146	0.938939
32.450763	-0.636748	-0.117365	-1.158464	-0.305850	-1.571242	-1.070721	0.825444	0.209506	-0.228549	0.025324	-0.001544	0.885269
32.490653	-0.591142	-0.106037	-1.170159	-0.304618	-1.571320	-1.025100	0.827319	0.224090	-0.243405	0.028511	-0.001837	0.835624
32.533571	-0.547614	-0.095343	-1.181289	-0.303474	-1.571407	-0.981282	0.830494	0.232650	-0.252771	0.028627	-0.001808	0.764573
32.579137	-0.489423	-0.081003	-1.196194	-0.301777	-1.571494	-0.922988	0.836924	0.238893	-0.254690	0.028139	-0.001797	0.725843
32.627719	-0.445291	-0.070086	-1.207491	-0.300633	-1.571562	-0.878773	0.844642	0.237359	-0.242772	0.026463	-0.001641	0.715983
32.679147	-0.387094	-0.055777	-1.222322	-0.299014	-1.571669	-0.820402	0.856281	0.226135	-0.232383	0.025021	-0.001760	0.717440
32.732935	-0.342962	-0.044841	-1.233632	-0.297811	-1.571747	-0.776167	0.867365	0.218769	-0.223011	0.024108	-0.001483	0.736580
32.786826	-0.295938	-0.033320	-1.245669	-0.296512	-1.571834	-0.729005	0.874615	0.219375	-0.224688	0.025162	-0.001319	0.791863
32.840959	-0.252771	-0.022626	-1.256737	-0.295387	-1.571882	-0.685779	0.880915	0.221366	-0.236962	0.024458	-0.001382	0.835962
32.894789	-0.207563	-0.011459	-1.268314	-0.294166	-1.571950	-0.640565	0.890722	0.215321	-0.231366	0.023897	-0.001153	0.857736
