0.000000	3.174754	-0.036652	2.042035	-1.507964	1.595231	4.117232	0.000000	0.000000	0.000000	0.000000	0.000000	0.000000
0.100000	3.174754	-0.036652	2.042035	-1.507964	1.595231	4.117232	0.000000	0.000000	0.000000	0.000000	0.000000	0.000000
0.200000	3.174754	-0.036652	2.042035	-1.507964	1.595231	4.117232	0.000000	0.000000	0.000000	0.000000	0.000000	0.000000
0.300000	3.174754	-0.036652	2.042035	-1.507964	1.595231	4.117232	0.000000	0.000000	0.000000	0.000000	0.000000	0.000000
0.400000	3.174754	-0.036652	2.042035	-1.507964	1.595231	4.117232	0.000000	0.000000	0.000000	0.000000	0.000000	0.000000
0.500000	3.174754	-0.036652	2.042035	-1.507964	1.595231	4.117232	0.000000	0.000000	0.000000	0.000000	0.000000	0.000000
0.600000	3.174754	-0.036652	2.042035	-1.507964	1.595231	4.117232	0.000000	0.000000	0.000000	0.000000	0.000000	0.000000
0.700000	3.174754	-0.036652	2.042035	-1.507964	1.595231	4.117232	0.000000	0.000000	0.000000	0.000000	0.000000	0.000000
0.800000	3.174754	-0.036652	2.042035	-1.507964	1.595231	4.117232	0.000000	0.000000	0.000000	0.000000	0.000000	0.000000
0.900000	3.174754	-0.036652	2.042035	-1.507964	1.595231	4.117232	0.000000	0.000000	0.000000	0.000000	0.000000	0.000000
1.000000	3.174754	-0.036652	2.042035	-1.507964	1.595231	4.117232	0.000000	0.000000	0.000000	0.000000	0.000000	0.000000
1.100000	3.174754	-0.036652	2.042035	-1.507964	1.595231	4.117232	0.000000	0.000000	0.000000	0.000000	0.000000	0.000000
1.200000	3.174754	-0.036652	2.042035	-1.507964	1.595231	4.117232	0.000000	0.000000	0.000000	0.000000	0.000000	0.000000
1.300000	3.174754	-0.036652	2.042035	-1.507964	1.595231	4.117232	0.000000	0.000000	0.000000	0.000000	0.000000	0.000000
1.400000	3.174754	-0.036652	2.042035	-1.507964	1.595231	4.117232	0.000000	0.000000	0.000000	0.000000	0.000000	0.000000
1.500000	3.174754	-0.036652	2.042035	-1.507964	1.595231	4.117232	0.000000	0.000000	0.000000	0.000000	0.000000	0.000000
1.600000	3.174754	-0.036652	2.042035	-1.507964	1.595231	4.117232	0.000000	0.000000	0.000000	0.000000	0.000000	0.000000
1.700000	3.174754	-0.036652	2.042035	-1.507964	1.595231	4.117232	0.000000	0.000000	0.000000	0.000000	0.000000	0.000000
1.800000	3.174754	-0.036652	2.042035	-1.507964	1.595231	4.117232	0.000000	0.000000	0.000000	0.000000	0.000000	0.000000
1.900000	3.174754	-0.036652	2.042035	-1.507964	1.595231	4.117232	0.000000	0.000000	0.000000	0.000000	0.000000	0.000000
2.000000	3.174754	-0.036652	2.042035	-1.507964	1.595231	4.117232	0.000000	0.000000	0.000000	0.000000	0.000000	0.000000
2.100000	3.174754	-0.036652	2.042035	-1.507964	1.595231	4.117232	0.000000	0.000000	0.000000	0.000000	0.000000	0.000000
2.200000	3.174754	-0.036652	2.042035	-1.507964	1.595231	4.117232	0.000000	0.000000	0.000000	0.000000	0.000000	0.000000
2.300000	3.174754	-0.036652	2.042035	-1.507964	1.595231	4.117232	0.000000	0.000000	0.000000	0.000000	0.000000	0.000000
2.400000	3.174754	-0.036652	2.042035	-1.507964	1.595231	4.117232	0.000000	0.000000	0.000000	0.000000	0.000000	0.000000
2.500000	3.174754	-0.036652	2.042035	-1.507964	1.595231	4.117232	0.000000	0.000000	0.000000	0.000000	0.000000	0.000000
2.600000	3.174754	-0.036652	2.042035	-1.507964	1.595231	4.117232	0.000000	0.000000	0.000000	0.000000	0.000000	0.000000
2.700000	3.174754	-0.036652	2.042035	-1.507964	1.595231	4.117232	0.000000	0.000000	0.000000	0.000000	0.000000	0.000000
2.800000	3.174754	-0.036652	2.042035	-1.507964	1.595231	4.117232	0.000000	0.000000	0.000000	0.000000	0.000000	0.000000
2.900000	3.174754	-0.036652	2.042035	-1.507964	1.595231	4.117232	0.000000	0.000000	0.000000	0.000000	0.000000	0.000000
3.000000	3.174754	-0.036652	2.042035	-1.507964	1.595231	4.117232	0.000000	0.000000	0.000000	0.000000	0.000000	0.000000
3.100000	3.174754	-0.036652	2.042035	-1.507964	1.595231	4.117232	0.000000	0.000000	0.000000	0.000000	0.000000	0.000000
3.200000	3.174754	-0.036652	2.042035	-1.507964	1.595231	4.117232	0.000000	0.000000	0.000000	0.000000	0.000000	0.000000
3.300000	3.174754	-0.036652	2.042035	-1.507964	1.595231	4.117232	0.000000	0.000000	0.000000	0.000000	0.000000	0.000000
3.400000	3.174754	-0.036652	2.042035	-1.507964	1.595231	4.117232	0.000000	0.000000	0.000000	0.000000	0.000000	0.000000
3.500000	3.174754	-0.036652	2.042035	-1.507964	1.595231	4.117232	0.000000	0.000000	0.000000	0.000000	0.000000	0.000000
3.600000	3.174754	-0.036652	2.042035	-1.507964	1.595231	4.117232	0.000000	0.000000	0.000000	0.000000	0.000000	0.000000
3.700000	3.174754	-0.036652	2.042035	-1.507964	1.595231	4.117232	0.000000	0.000000	0.000000	0.000000	0.000000	0.000000
3.800000	3.174754	-0.036652	2.042035	-1.507964	1.595231	4.117232	0.000000	0.000000	0.000000	0.000000	0.000000	0.000000
3.900000	3.174754	-0.036652	2.042035	-1.507964	1.595231	4.117232	0.000000	0.000000	0.000000	0.000000	0.000000	0.000000
4.000000	3.174754	-0.036652	2.042035	-1.507964	1.595231	4.117232	0.000000	0.000000	0.000000	0.000000	0.000000	0.000000
4.100000	3.174754	-0.036652	2.042035	-1.507964	1.595231	4.117232	0.000000	0.000000	0.000000	0.000000	0.000000	0.000000
4.200000	3.174754	-0.036652	2.042035	-1.507964	1.595231	4.117232	0.000000	0.000000	0.000000	0.000000	0.000000	0.000000
4.300000	3.174754	-0.036652	2.042035	-1.507964	1.595231	4.117232	0.000000	0.000000	0.000000	0.000000	0.000000	0.000000
4.400000	3.174754	-0.036652	2.042035	-1.507964	1.595231	4.117232	0.000000	0.000000	0.000000	0.000000	0.000000	0.000000
4.500000	3.174754	-0.036652	2.042035	-1.507964	1.595231	4.117232	0.000000	0.000000	0.000000	0.000000	0.000000	0.000000
4.600000	3.174754	-0.036652	2.042035	-1.507964	1.595231	4.117232	0.000000	0.000000	0.000000	0.000000	0.000000	0.000000
4.700000	3.174754	-0.036652	2.042035	-1.507964	1.595231	4.117232	0.000000	0.000000	0.000000	0.000000	0.000000	0.000000
4.800000	3.174754	-0.036652	2.042035	-1.507964	1.595231	4.117232	0.000000	0.000000	0.000000	0.000000	0.000000	0.000000
4.900000	3.174754	-0.036652	2.042035	-1.507964	1.595231	4.117232	0.000000	0.000000	0.000000	0.000000	0.000000	0.000000
5.000000	3.174754	-0.036652	2.042035	-1.507964	1.595231	4.117232	0.000000	0.000000	0.000000	0.000000	0.000000	0.000000
5.100000	3.174754	-0.036652	2.042035	-1.507964	1.595231	4.117232	0.000000	0.000000	0.000000	0.000000	0.000000	0.000000
5.200000	3.174754	-0.036652	2.042035	-1.507964	1.595231	4.117232	0.000000	0.000000	0.000000	0.000000	0.000000	0.000000
5.300000	3.174754	-0.036652	2.042035	-1.507964	1.595231	4.117232	0.000000	0.000000	0.000000	0.000000	0.000000	0.000000
5.400000	3.174754	-0.036652	2.042035	-1.507964	1.595231	4.117232	0.000000	0.000000	0.000000	0.000000	0.000000	0.000000
5.500000	3.174754	-0.036652	2.042035	-1.507964	1.595231	4.117232	0.000000	0.000000	0.000000	0.000000	0.000000	0.000000
5.600000	3.174754	-0.036652	2.042035	-1.507964	1.595231	4.117232	0.000000	0.000000	0.000000	0.000000	0.000000	0.000000
5.700000	3.174754	-0.036652	2.042035	-1.507964	1.595231	4.117232	0.000000	0.000000	0.000000	0.000000	0.000000	0.000000
5.800000	3.174754	-0.036652	2.042035	-1.507964	1.595231	4.117232	0.000000	0.000000	0.000000	0.000000	0.000000	0.000000
5.900000	3.174754	-0.036652	2.042035	-1.507964	1.595231	4.117232	0.000000	0.000000	0.000000	0.000000	0.000000	0.000000
6.000000	3.174754	-0.036652	2.042035	-1.507964	1.595231	4.117232	0.000000	0.000000	0.000000	0.000000	0.000000	0.000000
6.100000	3.174754	-0.036652	2.042035	-1.507964	1.595231	4.117232	0.000000	0.000000	0.000000	0.000000	0.000000	0.000000
6.133333	3.174754	-0.036652	2.042035	-1.507964	1.595231	4.117232	0.000000	-0.007601	0.000000	0.000000	0.000000	-0.022802
6.166667	3.174754	-0.037815	2.042035	-1.507964	1.595231	4.114323	-0.005236	-0.085521	0.001745	-0.012217	-0.003491	-0.228638
6.200000	3.174754	-0.052360	2.042035	-1.511455	1.593486	4.077089	-0.036652	-0.460767	0.015708	-0.083776	-0.020944	-1.214749
6.233333	3.173009	-0.073304	2.042035	-1.514946	1.593486	4.026475	-0.062832	-0.722566	0.026180	-0.125664	-0.031416	-1.853540
6.266667	3.169518	-0.101229	2.043781	-1.520182	1.591740	3.953171	-0.078540	-0.958186	0.031416	-0.172788	-0.047124	-2.476622
6.300000	3.166647	-0.129943	2.043781	-1.524489	1.590305	3.877080	-0.100075	-1.126160	0.035723	-0.207244	-0.055738	-2.928860
6.333333	3.163106	-0.171185	2.045241	-1.532720	1.588535	3.774506	-0.104720	-1.219344	0.036652	-0.223438	-0.061977	-3.105262
6.366667	3.159046	-0.216421	2.047271	-1.541126	1.584759	3.652974	-0.104720	-1.188569	0.041888	-0.219911	-0.062832	-3.125885
6.400000	3.155739	-0.254451	2.048925	-1.547740	1.583105	3.553766	-0.109680	-1.198490	0.041888	-0.219911	-0.062832	-3.160608
6.433333	3.152592	-0.290647	2.049017	-1.554035	1.581532	3.460823	-0.105510	-1.119020	0.037442	-0.211020	-0.053941	-2.886906
6.466667	3.149825	-0.317979	2.050136	-1.559567	1.580149	3.391537	-0.084566	-0.946923	0.029934	-0.175850	-0.042283	-2.418037
6.500000	3.147838	-0.340176	2.050762	-1.563542	1.578787	3.334261	-0.064468	-0.754882	0.023971	-0.137199	-0.034443	-1.933797
6.533333	3.145083	-0.370010	2.052507	-1.569051	1.577778	3.255039	-0.031416	-0.376991	0.010472	-0.062832	-0.015708	-0.968658
6.566667	3.143739	-0.376734	2.052507	-1.570396	1.576433	3.238902	-0.011244	-0.183345	0.006438	-0.030558	-0.003605	-0.472440
6.600000	3.143338	-0.379493	2.052507	-1.570796	1.576032	3.231826	-0.002967	-0.071209	0.002967	-0.011868	0.000000	-0.183957
6.700000	3.143338	-0.380482	2.052507	-1.570796	1.576032	3.228859	0.000000	0.000000	0.000000	0.000000	0.000000	0.000000
6.818646	3.145083	-0.371755	2.052507	-1.570796	1.576032	3.239331	0.010297	0.273612	0.002942	0.020594	0.004413	0.282439
6.998170	3.145596	-0.353315	2.052507	-1.569260	1.576545	3.258283	0.011371	0.279266	0.002800	0.021315	0.005485	0.290235
7.393148	3.149883	-0.235619	2.053525	-1.560470	1.579814	3.379249	0.014287	0.326144	0.003240	0.024561	0.007365	0.339069
7.837757	3.155337	-0.114537	2.054907	-1.551598	1.582577	3.504403	0.017370	0.396528	0.003975	0.029442	0.008882	0.410513
8.156086	3.165252	0.110615	2.056890	-1.534843	1.587435	3.737487	0.028218	0.659128	0.006579	0.049625	0.014523	0.680219
8.369275	3.172057	0.281157	2.058378	-1.522086	1.591264	3.912711	0.036766	0.871075	0.008931	0.066164	0.018904	0.894519
8.503774	3.178530	0.439111	2.060165	-1.510493	1.594162	4.074916	0.039671	0.924509	0.009666	0.068670	0.019332	0.941167
8.537107	3.183481	0.565487	2.061234	-1.500983	1.596976	4.206243	0.031416	0.764454	0.010472	0.057596	0.015708	0.774926
8.579807	3.181897	0.571822	2.061234	-1.502567	1.596976	4.212578	-0.205432	0.055256	0.015593	-0.184995	-0.099007	0.067140
8.758901	3.160864	0.572468	2.062725	-1.520618	1.586541	4.214716	-0.201078	0.003330	0.009725	-0.178725	-0.097900	0.008750
9.074117	3.102613	0.574177	2.064688	-1.571524	1.557415	4.216679	-0.198938	0.009263	-0.001500	-0.170446	-0.092928	0.006079
9.391385	3.048646	0.577231	2.061707	-1.619311	1.531186	4.218224	-0.199141	0.015058	-0.015440	-0.169108	-0.095822	0.003198
9.704248	2.978868	0.584537	2.052693	-1.679601	1.498124	4.218461	-0.198122	0.022730	-0.033685	-0.169624	-0.097079	0.000059
10.013387	2.916445	0.593412	2.040290	-1.733112	1.466077	4.218461	-0.195344	0.030487	-0.050812	-0.168244	-0.098236	-0.002823
10.218212	2.864085	0.602139	2.024582	-1.778491	1.439897	4.216715	-0.190872	0.035788	-0.060500	-0.161900	-0.097992	-0.005965
10.373849	2.855940	0.603884	2.021673	-1.785472	1.435824	4.216134	-0.189893	0.037007	-0.061678	-0.161484	-0.097563	-0.005981
10.473849	2.837905	0.607375	2.014110	-1.801180	1.425934	4.214970	0.000000	0.000000	0.000000	0.000000	0.000000	0.000000
10.573849	2.837905	0.607375	2.014110	-1.801180	1.425934	4.214970	0.000000	0.000000	0.000000	0.000000	0.000000	0.000000
10.673849	2.837905	0.607375	2.014110	-1.801180	1.425934	4.214970	0.000000	0.000000	0.000000	0.000000	0.000000	0.000000
10.773849	2.837905	0.607375	2.014110	-1.801180	1.425934	4.214970	0.000000	0.000000	0.000000	0.000000	0.000000	0.000000
10.873849	2.837905	0.607375	2.014110	-1.801180	1.425934	4.214970	0.000000	0.000000	0.000000	0.000000	0.000000	0.000000
10.973849	2.837905	0.607375	2.014110	-1.801180	1.425934	4.214970	0.000000	0.000000	0.000000	0.000000	0.000000	0.000000
11.073849	2.837905	0.607375	2.014110	-1.801180	1.425934	4.214970	0.000000	0.000000	0.000000	0.000000	0.000000	0.000000
11.173849	2.837905	0.607375	2.014110	-1.801180	1.425934	4.214970	0.000000	0.000000	0.000000	0.000000	0.000000	0.000000
11.273849	2.837905	0.607375	2.014110	-1.801180	1.425934	4.214970	0.000000	0.000000	0.000000	0.000000	0.000000	0.000000
11.373849	2.837905	0.607375	2.014110	-1.801180	1.425934	4.214970	0.000000	0.000000	0.000000	0.000000	0.000000	0.000000
11.407182	2.837905	0.607375	2.014110	-1.801180	1.425934	4.214970	0.000000	-0.050132	0.000000	0.000000	-0.003342	-0.060158
11.440516	2.837905	0.595157	2.014110	-1.799822	1.423219	4.202753	0.000000	-0.681261	-0.048869	0.097739	-0.164061	-0.709186
11.473849	2.837905	0.566669	2.010985	-1.795268	1.416194	4.172181	0.000000	-1.290925	-0.156573	0.225654	-0.331303	-1.459827
11.507182	2.837905	0.485202	1.996657	-1.778491	1.394518	4.075344	0.000000	-2.272419	-0.565487	0.534071	-0.591667	-2.864085
11.543293	2.837905	0.431406	1.977993	-1.765316	1.380246	4.003982	0.000000	-2.353022	-0.877706	0.623726	-0.616086	-3.227532
11.580257	2.837905	0.358345	1.943366	-1.744049	1.360862	3.896099	0.002282	-2.288394	-1.281481	0.739425	-0.614771	-3.557835
11.613590	2.837905	0.294589	1.900177	-1.720923	1.343703	3.788251	0.003605	-2.073707	-1.667705	0.834324	-0.570980	-3.747593
11.646923	2.837905	0.212930	1.813397	-1.680752	1.321214	3.616322	0.000000	-0.806342	-1.251401	0.534071	-0.230383	-2.125811
11.680257	2.837905	0.193732	1.780236	-1.666789	1.315978	3.562217	0.000000	-0.382227	-0.701622	0.277507	-0.099484	-1.125737
11.713590	2.837905	0.187804	1.768381	-1.662344	1.314496	3.544434	0.000000	-0.088813	-0.194817	0.077452	-0.019462	-0.298844
11.746923	2.837905	0.188314	1.764710	-1.661553	1.315796	3.541273	-0.107883	0.066541	-0.067195	0.098175	0.205840	0.017017
11.780257	2.829439	0.192729	1.760295	-1.654498	1.330089	3.542684	-0.382897	0.247875	-0.211000	0.324855	0.725688	0.112853
11.826423	2.810441	0.205060	1.750796	-1.638667	1.364584	3.548682	-0.523783	0.327552	-0.285038	0.447031	0.979801	0.146656
11.879478	2.789734	0.217933	1.739511	-1.620480	1.403477	3.554654	-0.605516	0.382916	-0.329404	0.519108	1.139976	0.166237
11.949249	2.731440	0.254818	1.708677	-1.572542	1.513200	3.569198	-0.707930	0.440268	-0.385234	0.590359	1.308295	0.190116
12.034880	2.677621	0.286773	1.680086	-1.527131	1.610749	3.584335	-0.694649	0.439247	-0.376730	0.583142	1.297729	0.192219
12.132744	2.641540	0.309145	1.660601	-1.496890	1.677928	3.594109	-0.654030	0.407691	-0.354285	0.547479	1.225926	0.180710
12.251809	2.542945	0.371755	1.607448	-1.415462	1.862266	3.619813	-0.565825	0.356206	-0.299037	0.474941	1.048096	0.150984
12.360449	2.479609	0.409414	1.574925	-1.362397	1.975243	3.636931	-0.525579	0.328935	-0.285188	0.433853	0.984797	0.144988
12.463712	2.468367	0.416403	1.568912	-1.353106	1.995960	3.639891	-0.520370	0.325306	-0.282334	0.429115	0.974591	0.143521
12.546221	2.429902	0.440443	1.548237	-1.321373	2.067119	3.649988	-0.503829	0.313311	-0.272351	0.414095	0.940021	0.138247
12.606120	2.391438	0.464484	1.527562	-1.289640	2.138278	3.660085	-0.490931	0.302345	-0.263582	0.401037	0.909563	0.133441
12.641575	2.352973	0.488524	1.506887	-1.257906	2.209438	3.670182	-0.486303	0.292460	-0.256808	0.391389	0.885720	0.129157
12.674908	2.335770	0.498904	1.497752	-1.243194	2.241708	3.674661	-0.257454	0.133796	-0.112072	0.196739	0.434140	0.070519
12.708241	2.323033	0.492183	1.511455	-1.239184	2.241003	3.680899	-0.481711	-0.555015	0.921534	-0.036652	-0.528835	0.251327
12.741575	2.298599	0.466003	1.555088	-1.242674	2.214823	3.693117	-1.000074	-1.052434	1.706932	-0.188496	-1.078613	0.424115
12.774908	2.261947	0.429351	1.612684	-1.251401	2.176426	3.705334	-1.136209	-1.036726	1.685988	-0.319395	-1.136209	0.329867
12.808241	2.223549	0.394444	1.666789	-1.265364	2.136283	3.715806	-1.188569	-0.958186	1.534144	-0.429351	-1.204277	0.251327
12.841575	2.181662	0.363028	1.717404	-1.281072	2.096140	3.722787	-1.288053	-0.947714	1.434661	-0.523599	-1.235693	0.178024
12.874908	2.169863	0.355314	1.729202	-1.286063	2.085250	3.724149	-1.311196	-0.919125	1.406072	-0.550826	-1.242500	0.164410
12.911038	2.089159	0.305433	1.804670	-1.322960	2.012365	3.731514	-1.342944	-0.743933	1.111069	-0.656980	-1.217345	0.077292
12.950075	2.038545	0.279253	1.843068	-1.347394	1.966986	3.733259	-1.336810	-0.608047	0.934426	-0.684053	-1.175856	0.044709
12.987262	2.021997	0.271835	1.853909	-1.355953	1.952151	3.733830	-1.341955	-0.589204	0.896532	-0.690473	-1.169923	0.039262
13.020595	1.959190	0.245975	1.891355	-1.388700	1.897406	3.735005	-0.679981	-0.240507	0.375246	-0.357444	-0.576308	0.012566
13.053928	1.952084	0.243675	1.895025	-1.392370	1.891668	3.735005	-0.354436	-0.119219	0.190107	-0.186884	-0.299660	0.006444
13.153928	1.947787	0.242601	1.897173	-1.394518	1.888446	3.735005	0.000000	0.000000	0.000000	0.000000	0.000000	0.000000
13.187262	1.947787	0.244892	1.900227	-1.392991	1.887683	3.741113	0.000000	0.192423	0.185551	0.125991	-0.064141	0.400881
13.220595	1.947787	0.250726	1.907043	-1.389102	1.885738	3.754745	0.000000	0.335825	0.321561	0.218647	-0.110497	0.693857
13.320595	1.947787	0.258309	1.914626	-1.384046	1.881465	3.769911	0.000000	0.000000	0.000000	0.000000	0.000000	0.000000
13.420595	1.947787	0.258309	1.914626	-1.384046	1.881465	3.769911	0.000000	0.000000	0.000000	0.000000	0.000000	0.000000
13.520595	1.947787	0.258309	1.914626	-1.384046	1.881465	3.769911	0.000000	0.000000	0.000000	0.000000	0.000000	0.000000
13.620595	1.947787	0.258309	1.914626	-1.384046	1.881465	3.769911	0.000000	0.000000	0.000000	0.000000	0.000000	0.000000
13.720595	1.947787	0.258309	1.914626	-1.384046	1.881465	3.769911	0.000000	0.000000	0.000000	0.000000	0.000000	0.000000
13.820595	1.947787	0.258309	1.914626	-1.384046	1.881465	3.769911	0.000000	0.000000	0.000000	0.000000	0.000000	0.000000
13.920595	1.947787	0.258309	1.914626	-1.384046	1.881465	3.769911	0.000000	0.000000	0.000000	0.000000	0.000000	0.000000
14.020595	1.947787	0.258309	1.914626	-1.384046	1.881465	3.769911	0.000000	0.000000	0.000000	0.000000	0.000000	0.000000
14.120595	1.947787	0.258309	1.914626	-1.384046	1.881465	3.769911	0.000000	0.000000	0.000000	0.000000	0.000000	0.000000
14.220595	1.947787	0.258309	1.914626	-1.384046	1.882286	3.769911	0.000000	0.000000	0.000000	0.000000	0.000000	0.000000
14.257349	1.956626	0.262096	1.910207	-1.378996	1.890786	3.769911	0.716247	0.262796	-0.350394	0.405358	0.601166	0.027482
14.363854	1.997155	0.278754	1.887948	-1.356121	1.924600	3.770909	0.713314	0.286777	-0.385335	0.402190	0.598837	0.024347
14.485763	2.138028	0.347321	1.792453	-1.277581	2.043781	3.773402	0.622776	0.373665	-0.528286	0.327852	0.548329	-0.001432
14.607595	2.154542	0.358195	1.775940	-1.269123	2.059086	3.772999	0.609943	0.380512	-0.549114	0.314173	0.543714	-0.011350
14.645245	2.232615	0.411413	1.695442	-1.231233	2.130708	3.769232	0.565936	0.410899	-0.607271	0.264876	0.521254	-0.050348
14.678579	2.244982	0.414411	1.687594	-1.230318	2.131955	3.764815	0.228289	-0.377829	0.223053	-0.244626	-0.519411	-0.214885
14.742179	2.258701	0.388106	1.701941	-1.246931	2.096967	3.750468	0.370905	-0.639791	0.369942	-0.394495	-0.856441	-0.345677
14.856571	2.290745	0.332333	1.733985	-1.280199	2.023216	3.721725	0.359577	-0.630130	0.359577	-0.376758	-0.837531	-0.331649
15.045822	2.368843	0.194766	1.812083	-1.363878	1.839965	3.649742	0.358099	-0.623348	0.347009	-0.374130	-0.823028	-0.322792
15.262304	2.436480	0.076794	1.879720	-1.434661	1.684243	3.588397	0.374088	-0.654654	0.378925	-0.398275	-0.877172	-0.333777
15.467777	2.468760	0.021648	1.911328	-1.467614	1.610939	3.558806	0.393476	-0.686128	0.394318	-0.415358	-0.913040	-0.353623
15.614545	2.562424	-0.141403	2.003919	-1.564407	1.395266	3.473548	0.485630	-0.836204	0.473102	-0.501918	-1.104130	-0.437086
15.720531	2.621988	-0.246293	2.063483	-1.627352	1.257342	3.418798	0.503494	-0.880378	0.500454	-0.522716	-1.164506	-0.455991
15.801121	2.662046	-0.315625	2.102773	-1.669722	1.165670	3.382588	0.454797	-0.805294	0.466145	-0.479140	-1.069076	-0.418153
15.834454	2.700024	-0.382227	2.141519	-1.708677	1.076868	3.347542	0.287979	-0.460767	0.272271	-0.240855	-0.623083	-0.246091
15.867787	2.702625	-0.384828	2.142819	-1.703476	1.072967	3.343640	0.112419	-0.039422	0.069402	0.523807	-0.080796	-0.203177
15.905657	2.706390	-0.379968	2.143264	-1.662888	1.077381	3.332244	0.110611	0.228812	-0.007591	1.602228	0.228812	-0.397439
15.967368	2.710648	-0.370237	2.143264	-1.592651	1.087112	3.314304	0.101940	0.233145	-0.011559	1.585044	0.223308	-0.398290
16.055789	2.718451	-0.351617	2.142022	-1.472420	1.104491	3.283803	0.104237	0.231894	-0.011274	1.584882	0.219216	-0.397283
16.164884	2.728507	-0.330498	2.140442	-1.328047	1.124029	3.247315	0.109571	0.237728	-0.011573	1.630360	0.228503	-0.404041
16.292575	2.741947	-0.301429	2.138679	-1.127174	1.152431	3.196656	0.117950	0.254018	-0.012650	1.722673	0.242895	-0.431975
16.489192	2.756602	-0.268926	2.137083	-0.909171	1.183042	3.141520	0.088324	0.189556	-0.009838	1.292682	0.181160	-0.327701
16.789852	2.783800	-0.211185	2.134538	-0.516617	1.237438	3.040364	0.063274	0.135837	-0.007546	0.925315	0.129451	-0.233941
17.192321	2.799399	-0.177151	2.131702	-0.289724	1.270054	2.983640	0.046564	0.100418	-0.005638	0.694066	0.095296	-0.176173
17.714082	2.813916	-0.146471	2.130055	-0.079566	1.299415	2.929860	0.035792	0.078222	-0.004158	0.535310	0.074018	-0.135574
18.297736	2.829493	-0.113237	2.128638	0.146259	1.330569	2.872463	0.031883	0.070686	-0.003588	0.477134	0.066457	-0.120469
18.880257	2.858849	-0.047124	2.124066	0.598648	1.394518	2.757620	0.032958	0.069511	-0.003595	0.472496	0.066515	-0.118948
19.435436	2.864757	-0.034772	2.123529	0.679739	1.405796	2.737213	0.033130	0.070903	-0.003676	0.479901	0.067566	-0.121227
19.814923	2.892011	0.024435	2.120575	1.089085	1.462586	2.633702	0.036793	0.079566	-0.004139	0.544543	0.076806	-0.136136
20.123716	2.902311	0.045035	2.119288	1.225565	1.481899	2.598938	0.038962	0.081937	-0.004253	0.569139	0.079380	-0.141451
20.363458	2.910804	0.062988	2.117864	1.353316	1.499394	2.566288	0.040066	0.085787	-0.003887	0.589304	0.081666	-0.146575
20.534790	2.917658	0.078214	2.117084	1.460101	1.513881	2.539572	0.040540	0.089972	-0.003643	0.608773	0.085431	-0.152802
20.642010	2.922807	0.090082	2.117084	1.537579	1.524742	2.520424	0.040958	0.090160	-0.003833	0.620513	0.088532	-0.157846
20.748387	2.930408	0.139626	2.148500	1.600467	1.534144	2.431244	0.044299	0.733390	0.518459	0.118130	0.011485	-1.232161
20.853147	2.931596	0.167552	2.165137	1.604032	1.534739	2.386682	0.043848	0.777040	0.487896	0.105207	0.014498	-1.252317
20.962480	2.936461	0.268632	2.216160	1.614355	1.536744	2.234579	0.040690	0.867835	0.339648	0.074213	0.026968	-1.207516
21.082660	2.940850	0.369980	2.247777	1.622210	1.540209	2.101613	0.037759	0.894543	0.200633	0.066115	0.037660	-1.087299
21.206590	2.944742	0.471387	2.264435	1.629469	1.544988	1.983548	0.036047	0.933091	0.095586	0.059120	0.045666	-1.018579
21.325070	2.950530	0.603337	2.268894	1.637187	1.551666	1.847140	0.037578	1.003094	-0.026169	0.053696	0.053783	-0.980015
21.400126	2.953097	0.675746	2.266044	1.641179	1.555657	1.777580	0.040745	1.060221	-0.091549	0.053281	0.057983	-0.983433
21.433459	2.953097	0.701622	2.263692	1.642355	1.556834	1.754056	0.000000	-0.013199	-0.016144	0.000000	0.000000	0.008181
21.466792	2.953097	0.701622	2.263692	1.642355	1.556834	1.754056	0.000000	-0.004189	-0.002094	0.000000	0.000000	0.000000
21.566792	2.953097	0.701622	2.263692	1.642355	1.556834	1.754056	0.000000	0.000000	0.000000	0.000000	0.000000	0.000000
21.666792	2.953097	0.701622	2.263692	1.642355	1.556834	1.754056	0.000000	0.000000	0.000000	0.000000	0.000000	0.000000
21.766792	2.953097	0.701622	2.263692	1.642355	1.556834	1.754056	0.000000	0.000000	0.000000	0.000000	0.000000	0.000000
21.866792	2.953097	0.701622	2.263692	1.642355	1.556834	1.754056	0.000000	0.000000	0.000000	0.000000	0.000000	0.000000
21.966792	2.953097	0.701622	2.263692	1.642355	1.556834	1.754056	0.000000	0.000000	0.000000	0.000000	0.000000	0.000000
22.066792	2.953097	0.701622	2.263692	1.642355	1.556834	1.754056	0.000000	0.000000	0.000000	0.000000	0.000000	0.000000
22.166792	2.953097	0.701622	2.263692	1.642355	1.556834	1.754056	0.000000	0.000000	0.000000	0.000000	0.000000	0.000000
22.266792	2.953097	0.701622	2.263692	1.642355	1.556834	1.754056	0.000000	0.000000	0.000000	0.000000	0.000000	0.000000
22.366792	2.953097	0.701622	2.263692	1.642355	1.556834	1.754056	0.000000	0.000000	0.000000	0.000000	0.000000	0.000000
22.466792	2.953097	0.701622	2.263692	1.642355	1.556834	1.754056	0.000000	0.000000	0.000000	0.000000	0.000000	0.000000
22.566792	2.953097	0.701622	2.263692	1.642355	1.556834	1.754056	0.000000	0.000000	0.000000	0.000000	0.000000	0.000000
22.666792	2.953097	0.701622	2.263692	1.642355	1.556834	1.754056	0.000000	0.000000	0.000000	0.000000	0.000000	0.000000
22.766792	2.953097	0.701622	2.263692	1.642355	1.556834	1.754056	0.000000	0.000000	0.000000	0.000000	0.000000	0.000000
22.866792	2.953097	0.701622	2.263692	1.642355	1.556834	1.754056	0.000000	0.000000	0.000000	0.000000	0.000000	0.000000
22.900126	2.953097	0.697909	2.263692	1.642355	1.556834	1.757769	0.000000	-0.327529	0.042334	-0.002228	-0.017825	0.289651
22.933459	2.953097	0.666260	2.266765	1.641330	1.554785	1.786345	0.000000	-1.415085	0.136363	-0.020603	-0.094134	1.292267
22.966792	2.953097	0.597484	2.271255	1.640609	1.551016	1.849467	0.000000	-2.151992	0.089012	-0.038397	-0.144862	2.092651
23.000126	2.953097	0.513054	2.271037	1.637846	1.545707	1.933534	0.000000	-2.251911	-0.084431	-0.054323	-0.151844	2.319106
23.033459	2.953097	0.439823	2.266559	1.635748	1.540502	2.012614	0.000000	-2.142267	-0.243848	-0.069938	-0.151844	2.391725
23.066792	2.953097	0.378038	2.257374	1.634222	1.535925	2.083958	0.000000	-2.066958	-0.388092	-0.083671	-0.148388	2.456935
23.100126	2.953097	0.308984	2.240972	1.631179	1.530470	2.169414	0.000000	-1.950175	-0.551616	-0.096361	-0.142933	2.492881
23.133459	2.953097	0.253571	2.222338	1.627039	1.525810	2.243461	0.000000	-1.821269	-0.683670	-0.108780	-0.132075	2.494467
23.166792	2.953097	0.206530	2.202715	1.623520	1.522291	2.310125	0.000000	-1.680533	-0.795325	-0.119337	-0.121519	2.479895
23.200126	2.953097	0.154462	2.175117	1.620102	1.518218	2.389792	0.000000	-1.436624	-0.878337	-0.121737	-0.105374	2.329359
23.233459	2.953097	0.112384	2.146110	1.616478	1.514225	2.460156	0.000000	-0.927679	-0.688076	-0.087077	-0.067385	1.614844
23.266792	2.953097	0.093061	2.130593	1.614430	1.513200	2.494704	0.000000	-0.288502	-0.236876	-0.027332	-0.021258	0.528415
23.366792	2.953097	0.089012	2.127556	1.614430	1.513200	2.502293	0.000000	0.000000	0.000000	0.000000	0.000000	0.000000
23.400126	2.953097	0.089012	2.127556	1.614430	1.513200	2.501057	0.000000	0.001913	0.000000	0.000000	0.000000	0.000000
23.433459	2.953097	0.090757	2.127556	1.614430	1.513200	2.501057	0.000000	0.005236	0.000000	0.000000	0.000000	0.000000
23.466792	2.953097	0.090757	2.127556	1.614430	1.513200	2.501057	0.000000	0.003073	0.000000	0.000000	0.000000	0.000000
23.566792	2.953097	0.090757	2.127556	1.614430	1.513200	2.501057	0.000000	0.000000	0.000000	0.000000	0.000000	0.000000
23.666792	2.953097	0.090757	2.127556	1.614430	1.513200	2.501057	0.000000	0.000000	0.000000	0.000000	0.000000	0.000000
23.700126	2.953097	0.090757	2.127556	1.614430	1.513200	2.501057	0.000000	0.007210	0.000000	-0.032446	0.000000	0.018026
23.733459	2.953097	0.090757	2.127556	1.612018	1.513200	2.502866	-0.016279	0.024942	-0.001809	-0.159270	0.016279	0.102150
23.766792	2.951886	0.091968	2.127556	1.599576	1.514412	2.511137	-0.076189	0.083242	-0.010686	-0.582477	0.076189	0.367801
23.800126	2.947102	0.096752	2.126722	1.563891	1.519195	2.532776	-0.173471	0.183942	-0.030961	-1.302167	0.163454	0.782211
23.833459	2.939610	0.104244	2.124859	1.505902	1.526687	2.568331	-0.262752	0.273224	-0.050456	-1.954453	0.244664	1.192854
23.866792	2.926879	0.116975	2.122814	1.415196	1.538166	2.624141	-0.358551	0.361511	-0.068865	-2.700177	0.342844	1.678363
23.903606	2.911743	0.132111	2.119400	1.301944	1.551348	2.694432	-0.421460	0.425427	-0.074307	-3.081904	0.383436	1.880800
23.957544	2.896859	0.148256	2.116309	1.192544	1.565948	2.761984	-0.332748	0.333647	-0.058784	-2.421815	0.308300	1.503927
24.034560	2.882795	0.162804	2.113664	1.085944	1.579174	2.827364	-0.258801	0.264240	-0.049585	-1.900265	0.242938	1.187405
24.175741	2.848377	0.197222	2.106612	0.839503	1.609194	2.979277	-0.173073	0.171837	-0.032142	-1.274558	0.158238	0.785009
24.355383	2.828894	0.216705	2.104015	0.697928	1.627378	3.067599	-0.144695	0.150231	-0.028153	-1.089165	0.135205	0.665384
24.580745	2.804004	0.241596	2.099710	0.513946	1.650685	3.180968	-0.123267	0.127444	-0.023234	-0.928499	0.115288	0.571922
24.832626	2.784847	0.261307	2.095668	0.372823	1.668124	3.268057	-0.113826	0.117258	-0.021008	-0.850333	0.105984	0.528093
25.238564	2.741144	0.307667	2.086506	0.044820	1.709445	3.471181	-0.070718	0.071200	-0.013328	-0.519723	0.067003	0.321018
25.677490	2.727764	0.321326	2.083997	-0.054143	1.721712	3.532510	-0.063309	0.063816	-0.011946	-0.468348	0.060382	0.288701
26.145414	2.684316	0.364774	2.075196	-0.375246	1.762783	3.731514	-0.049981	0.050727	-0.009325	-0.369264	0.045878	0.229019
26.566360	2.661627	0.387463	2.071706	-0.539307	1.781981	3.832743	-0.048511	0.049340	-0.008707	-0.361549	0.045608	0.221407
26.966942	2.655228	0.393863	2.070542	-0.586431	1.788381	3.861832	-0.048508	0.049524	-0.008714	-0.363372	0.045167	0.221915
27.304861	2.635954	0.413136	2.066920	-0.726001	1.806360	3.947850	-0.048967	0.050516	-0.008914	-0.367743	0.045085	0.225516
27.529884	2.612758	0.438078	2.061234	-0.902335	1.827360	4.057891	-0.051967	0.055069	-0.010083	-0.397120	0.048864	0.248975
27.693094	2.600541	0.448550	2.059489	-0.982620	1.837832	4.106760	-0.055607	0.057746	-0.010694	-0.417055	0.054538	0.264135
27.806472	2.593559	0.457276	2.057743	-1.040216	1.844813	4.143412	-0.055418	0.056957	-0.009236	-0.420254	0.052339	0.261697
27.869456	2.588323	0.462512	2.057743	-1.078613	1.850049	4.166101	-0.055422	0.055422	-0.008313	-0.426748	0.055422	0.263254
27.902789	2.586578	0.464258	2.055998	-1.096067	1.851794	4.176573	-0.031416	0.041888	0.000000	-0.267035	0.031416	0.167552
27.936122	2.576525	0.464258	2.057673	-1.099418	1.851794	4.179924	-0.659736	-0.038537	0.140744	-0.070999	-0.089222	0.056967
27.992898	2.543084	0.462757	2.065248	-1.102559	1.847291	4.181565	-0.907658	-0.053674	0.165386	-0.089764	-0.134645	0.038672
28.066250	2.479039	0.459424	2.074190	-1.110768	1.837295	4.183353	-0.934548	-0.028369	0.112746	-0.126656	-0.139468	0.007779
28.147349	2.409698	0.459022	2.079710	-1.122307	1.827059	4.183554	-0.885551	-0.003265	0.045194	-0.153912	-0.130981	-0.021669
28.233389	2.341738	0.460405	2.080432	-1.133674	1.815933	4.180788	-0.852241	0.033757	-0.010525	-0.162970	-0.122131	-0.048455
28.323395	2.280906	0.463950	2.077250	-1.145757	1.808093	4.175820	-0.824204	0.059581	-0.059048	-0.170795	-0.111633	-0.070037
28.414725	2.217942	0.469902	2.070518	-1.159716	1.799991	4.169183	-0.816861	0.086077	-0.109498	-0.177522	-0.102748	-0.093925
28.507016	2.101376	0.485202	2.049017	-1.186824	1.785472	4.153884	-0.818848	0.136159	-0.209912	-0.177764	-0.083209	-0.128595
28.599767	2.080461	0.489093	2.042693	-1.191202	1.783526	4.149992	-0.809025	0.144925	-0.226703	-0.177408	-0.078077	-0.135300
28.663851	1.960005	0.514872	2.000147	-1.216494	1.773255	4.125958	-0.784365	0.209709	-0.337713	-0.163409	-0.049023	-0.174303
28.697185	1.927913	0.523317	1.986635	-1.223251	1.771565	4.117513	-0.489478	0.139682	-0.238828	-0.101341	-0.023308	-0.122285
28.797185	1.923353	0.525344	1.984439	-1.225221	1.771509	4.115486	0.000000	0.000000	0.000000	0.000000	0.000000	0.000000
28.897185	1.923353	0.525344	1.984439	-1.225221	1.771509	4.115486	0.000000	0.000000	0.000000	0.000000	0.000000	0.000000
28.997185	1.923353	0.525344	1.984439	-1.225221	1.771509	4.115486	0.000000	0.000000	0.000000	0.000000	0.000000	0.000000
29.097185	1.923353	0.525344	1.984439	-1.225221	1.771509	4.115486	0.000000	0.000000	0.000000	0.000000	0.000000	0.000000
29.197185	1.923353	0.525344	1.984439	-1.225221	1.771509	4.115486	0.000000	0.000000	0.000000	0.000000	0.000000	0.000000
29.297185	1.923353	0.525344	1.984439	-1.225221	1.771509	4.115486	0.000000	0.000000	0.000000	0.000000	0.000000	0.000000
29.397185	1.923353	0.525344	1.984439	-1.225221	1.771509	4.115486	0.000000	0.000000	0.000000	0.000000	0.000000	0.000000
29.497185	1.923353	0.525344	1.984439	-1.225221	1.771509	4.115486	0.000000	0.000000	0.000000	0.000000	0.000000	0.000000
29.597185	1.923353	0.525344	1.984439	-1.225221	1.771509	4.115486	0.000000	0.000000	0.000000	0.000000	0.000000	0.000000
29.697185	1.923353	0.525344	1.984439	-1.225221	1.771509	4.115486	0.000000	0.000000	0.000000	0.000000	0.000000	0.000000
29.797185	1.923353	0.525344	1.984439	-1.225221	1.771509	4.115486	0.000000	0.000000	0.000000	0.000000	0.000000	0.000000
29.897185	1.923353	0.525344	1.984439	-1.225221	1.771509	4.115486	0.000000	0.000000	0.000000	0.000000	0.000000	0.000000
29.997185	1.923353	0.525344	1.984439	-1.225221	1.771509	4.115486	0.000000	0.000000	0.000000	0.000000	0.000000	0.000000
30.097185	1.923353	0.525344	1.984439	-1.225221	1.771509	4.115486	0.000000	0.000000	0.000000	0.000000	0.000000	0.000000
30.197185	1.923353	0.525344	1.984439	-1.225221	1.771509	4.115486	0.000000	0.000000	0.000000	0.000000	0.000000	0.000000
30.297185	1.923353	0.525344	1.984439	-1.225221	1.771509	4.115486	0.000000	0.000000	0.000000	0.000000	0.000000	0.000000
30.397185	1.923353	0.525344	1.984439	-1.225221	1.771509	4.115486	0.000000	0.000000	0.000000	0.000000	0.000000	0.000000
30.497185	1.923353	0.525344	1.984439	-1.225221	1.771509	4.115486	0.000000	0.000000	0.000000	0.000000	0.000000	0.000000
30.597185	1.923353	0.525344	1.984439	-1.225221	1.771509	4.115486	0.000000	0.000000	0.000000	0.000000	0.000000	0.000000
30.697185	1.923353	0.525344	1.984439	-1.225221	1.771509	4.115486	0.000000	0.000000	0.000000	0.000000	0.000000	0.000000
30.797185	1.923353	0.525344	1.984439	-1.225221	1.771509	4.115486	0.000000	0.000000	0.000000	0.000000	0.000000	0.000000
30.897185	1.923353	0.525344	1.984439	-1.225221	1.771509	4.115486	0.000000	0.000000	0.000000	0.000000	0.000000	0.000000
30.997185	1.923353	0.525344	1.984439	-1.225221	1.771509	4.115486	0.000000	0.000000	0.000000	0.000000	0.000000	0.000000
31.097185	1.923353	0.525344	1.984439	-1.225221	1.771509	4.115486	0.000000	0.000000	0.000000	0.000000	0.000000	0.000000
31.197185	1.923353	0.525344	1.984439	-1.225221	1.771509	4.115486	0.000000	0.000000	0.000000	0.000000	0.000000	0.000000
31.297185	1.923353	0.525344	1.984439	-1.225221	1.771509	4.115486	0.000000	0.000000	0.000000	0.000000	0.000000	0.000000
31.397185	1.923353	0.525344	1.984439	-1.225221	1.771509	4.115486	0.000000	0.000000	0.000000	0.000000	0.000000	0.000000
31.497185	1.923353	0.525344	1.984439	-1.225221	1.771509	4.115486	0.000000	0.000000	0.000000	0.000000	0.000000	0.000000
31.597185	1.923353	0.525344	1.984439	-1.225221	1.771509	4.115486	0.000000	0.000000	0.000000	0.000000	0.000000	0.000000
31.630518	1.923353	0.524453	1.983548	-1.225221	1.772400	4.114595	0.024063	-0.152401	-0.042779	-0.010695	0.082885	-0.184486
31.663851	1.925749	0.513216	1.979499	-1.226020	1.778845	4.100962	0.109423	-0.621929	-0.196394	-0.068867	0.339630	-0.759041
31.709385	1.931928	0.482546	1.969035	-1.230305	1.795489	4.062444	0.137823	-0.746945	-0.274480	-0.112158	0.424469	-0.955763
31.742718	1.937157	0.452199	1.956990	-1.235534	1.812762	4.022667	0.136611	-0.722565	-0.307495	-0.130899	0.429350	-0.978176
31.776052	1.940712	0.436521	1.949627	-1.237438	1.822029	4.000578	0.003679	-0.018680	-0.009057	-0.003679	0.011321	-0.026322
31.876052	1.940806	0.436332	1.949533	-1.237438	1.822124	4.000295	0.000000	0.000000	0.000000	0.000000	0.000000	0.000000
31.976052	1.940806	0.436332	1.949533	-1.237438	1.822124	4.000295	0.000000	0.000000	0.000000	0.000000	0.000000	0.000000
32.076052	1.940806	0.436332	1.949533	-1.237438	1.822124	4.000295	0.000000	0.000000	0.000000	0.000000	0.000000	0.000000
32.176052	1.940806	0.436332	1.949533	-1.237438	1.822124	4.000295	0.000000	0.000000	0.000000	0.000000	0.000000	0.000000
32.276052	1.940806	0.436332	1.949533	-1.237438	1.822124	4.000295	0.000000	0.000000	0.000000	0.000000	0.000000	0.000000
32.376052	1.940806	0.436332	1.949533	-1.237438	1.822124	4.000295	0.000000	0.000000	0.000000	0.000000	0.000000	0.000000
32.476052	1.940806	0.436332	1.949533	-1.237438	1.822124	4.000295	0.000000	0.000000	0.000000	0.000000	0.000000	0.000000
32.576052	1.940806	0.436332	1.949533	-1.237438	1.822124	4.000295	0.000000	0.000000	0.000000	0.000000	0.000000	0.000000
32.676052	1.940806	0.436332	1.949533	-1.237438	1.822124	4.000295	0.000000	0.000000	0.000000	0.000000	0.000000	0.000000
32.776052	1.940806	0.436332	1.949533	-1.237438	1.822124	4.000295	0.000000	0.000000	0.000000	0.000000	0.000000	0.000000
32.876052	1.940806	0.436332	1.949533	-1.237438	1.822124	4.000295	0.000000	0.000000	0.000000	0.000000	0.000000	0.000000
32.976052	1.940806	0.436332	1.949533	-1.237438	1.822124	4.000295	0.000000	0.000000	0.000000	0.000000	0.000000	0.000000
33.076052	1.940806	0.436332	1.949533	-1.237438	1.822124	4.000295	0.000000	0.000000	0.000000	0.000000	0.000000	0.000000
33.176052	1.940806	0.436332	1.949533	-1.237438	1.822124	4.000295	0.000000	0.000000	0.000000	0.000000	0.000000	0.000000
33.209385	1.943846	0.431772	1.946493	-1.229838	1.819083	3.994214	0.214338	-0.323787	-0.186975	0.560926	-0.191536	-0.451477
33.242718	1.948530	0.424746	1.941809	-1.216717	1.814400	3.984141	0.313825	-0.450072	-0.278176	0.809128	-0.277062	-0.613614
33.276052	1.962054	0.404461	1.929196	-1.180829	1.801787	3.957876	0.402716	-0.551828	-0.385414	1.038774	-0.366747	-0.702078
33.309385	1.973650	0.387886	1.917614	-1.151018	1.791025	3.939631	0.299244	-0.406503	-0.348748	0.799995	-0.305353	-0.406106
33.342718	1.979957	0.379728	1.907367	-1.133195	1.783211	3.935995	0.076160	-0.096032	-0.266083	0.277745	-0.173858	0.245140
33.395028	1.978377	0.381952	1.899837	-1.133086	1.779593	3.954457	-0.094301	0.136096	-0.149266	-0.148739	-0.053560	0.619542
33.458392	1.969028	0.393813	1.892605	-1.148872	1.777785	3.998772	-0.169427	0.237819	-0.116682	-0.326196	-0.018050	0.802889
33.521278	1.957239	0.409374	1.886755	-1.171411	1.777309	4.048573	-0.219984	0.306748	-0.088344	-0.437833	0.018830	0.923231
33.562874	1.933825	0.445059	1.881465	-1.221730	1.783726	4.143412	-0.318891	0.520295	0.004196	-0.725896	0.188817	1.166468
33.596207	1.923547	0.461210	1.882933	-1.245223	1.792536	4.177182	-0.301028	0.578784	0.163812	-0.760465	0.345742	0.984282
33.629540	1.917419	0.474730	1.889493	-1.262222	1.803623	4.194026	-0.216770	0.562345	0.353953	-0.698481	0.526740	0.515221
33.662874	1.912554	0.490001	1.901973	-1.280272	1.820269	4.201698	-0.162425	0.595485	0.554033	-0.692023	0.745474	0.133299
33.720754	1.907279	0.511804	1.924479	-1.304887	1.848754	4.199938	-0.074704	0.365398	0.426581	-0.409461	0.543501	-0.103059
33.792715	1.902409	0.544543	1.965241	-1.340413	1.898918	4.180064	-0.026679	0.232836	0.356531	-0.257090	0.400187	-0.271642
33.858541	1.900664	0.556760	1.989675	-1.354375	1.923353	4.157374	0.000000	0.132571	0.310216	-0.148480	0.299610	-0.379153
33.913838	1.901803	0.559039	1.999929	-1.357793	1.931328	4.139145	0.030905	0.030072	0.284812	-0.053131	0.179470	-0.562610
33.967334	1.903969	0.556352	2.010842	-1.356492	1.935570	4.109173	0.079551	-0.136820	0.231920	0.116550	-0.006664	-0.813283
34.026487	1.909059	0.544573	2.021392	-1.346311	1.931147	4.061953	0.121175	-0.286507	0.174692	0.272568	-0.166603	-0.989495
34.068379	1.923353	0.507891	2.035054	-1.310742	1.905900	3.956661	0.245809	-0.641603	0.120821	0.633271	-0.495784	-1.608174
34.105641	1.932451	0.483628	2.038087	-1.286479	1.886186	3.899037	0.280420	-0.753879	0.046301	0.768929	-0.589942	-1.706248
34.139269	1.944297	0.452040	2.038545	-1.253146	1.862266	3.834488	0.295835	-0.736992	-0.083041	0.830413	-0.628000	-1.448033
34.172603	1.951396	0.433581	2.032865	-1.233267	1.845227	3.803250	0.260113	-0.628496	-0.207310	0.731263	-0.531319	-0.919847
34.205936	1.959559	0.414646	2.021760	-1.209105	1.828251	3.784654	0.192506	-0.401165	-0.431691	0.569608	-0.360837	-0.036094
34.239269	1.965319	0.404343	2.006477	-1.191825	1.819388	3.791845	0.200452	-0.359564	-0.648325	0.628006	-0.342840	0.486010
34.273934	1.970040	0.394299	1.986621	-1.174607	1.809761	3.810636	0.181678	-0.305034	-0.749368	0.606711	-0.315523	0.826571
34.312770	1.976010	0.384158	1.955511	-1.151992	1.797095	3.850048	0.117038	-0.186648	-0.713318	0.452278	-0.241629	1.003140
34.350298	1.980406	0.377806	1.925680	-1.136364	1.788303	3.894567	0.040202	-0.061389	-0.613787	0.256511	-0.178276	1.092187
34.408210	1.980949	0.378565	1.905865	-1.131316	1.782494	3.935444	-0.047157	0.068017	-0.241399	-0.026592	-0.065003	0.659311
34.479623	1.975276	0.384409	1.894228	-1.138064	1.779145	3.974660	-0.107535	0.144958	-0.151526	-0.173675	-0.034979	0.651470
34.541173	1.964194	0.400379	1.883792	-1.159248	1.776862	4.031711	-0.192069	0.256155	-0.111725	-0.352000	-0.007751	0.880946
34.595741	1.952801	0.414794	1.879200	-1.179360	1.778082	4.075307	-0.240290	0.335902	-0.067643	-0.482144	0.030351	0.974156
34.635613	1.939352	0.436332	1.877974	-1.208350	1.781399	4.128286	-0.315172	0.491726	0.006566	-0.717161	0.137158	1.139579
34.668946	1.928916	0.453022	1.880374	-1.232202	1.787981	4.162828	-0.328558	0.591667	0.126973	-0.784744	0.280453	1.038689
34.702279	1.918974	0.471270	1.887589	-1.256851	1.799281	4.190750	-0.224413	0.529202	0.301391	-0.645864	0.453235	0.536275
34.735613	1.913560	0.486785	1.898627	-1.275803	1.815110	4.200329	-0.171624	0.570141	0.502267	-0.669625	0.687854	0.188592
34.784442	1.908998	0.504222	1.915873	-1.296281	1.838437	4.201328	-0.095558	0.437672	0.471228	-0.495372	0.611939	-0.065287
34.853963	1.904052	0.527705	1.944194	-1.322754	1.873662	4.191870	-0.044599	0.289743	0.379383	-0.315882	0.457652	-0.191685
34.925288	1.901726	0.543708	1.966075	-1.340261	1.899374	4.177787	-0.023725	0.224912	0.349496	-0.244062	0.393010	-0.271405
34.985696	1.900664	0.556686	1.990344	-1.355155	1.924912	4.153289	0.005471	0.117413	0.307549	-0.133335	0.272510	-0.415250
35.041131	1.901603	0.558841	2.003907	-1.358672	1.934765	4.129583	0.043231	-0.032938	0.251512	0.012110	0.117219	-0.600262
35.099970	1.911136	0.539307	2.022837	-1.342158	1.930334	4.045673	0.139416	-0.347056	0.148315	0.314427	-0.201708	-1.085663
35.152115	1.919862	0.514872	2.029818	-1.319469	1.914626	3.977605	0.197478	-0.508758	0.107107	0.488675	-0.351444	-1.325447
35.189161	1.930334	0.486947	2.035054	-1.291544	1.893682	3.909538	0.287384	-0.749083	0.061246	0.763217	-0.593613	-1.747861
35.225269	1.940806	0.459022	2.035054	-1.263618	1.870993	3.850196	0.275518	-0.754050	-0.019335	0.797553	-0.618708	-1.488765
35.258902	1.944371	0.450703	2.033866	-1.254706	1.863863	3.834748	0.279889	-0.749463	-0.063155	0.826198	-0.641261	-1.393374
35.292236	1.954465	0.426619	2.028376	-1.227080	1.842081	3.795256	0.215472	-0.500150	-0.199195	0.686483	-0.525647	-0.618073
35.325569	1.960441	0.413498	2.019491	-1.206750	1.826051	3.786783	0.172788	-0.287106	-0.353430	0.605193	-0.447677	0.152718
35.358902	1.965178	0.406724	2.006194	-1.188258	1.811839	3.799831	0.167739	-0.191301	-0.527152	0.642156	-0.469369	0.746315
35.393351	1.972113	0.399789	1.972877	-1.152572	1.785963	3.859359	0.112727	-0.038314	-0.647073	0.564427	-0.421777	1.318686
35.431309	1.974629	0.399680	1.956574	-1.141084	1.775842	3.893168	0.059934	0.015380	-0.556849	0.396231	-0.343591	1.255447
35.483973	1.975713	0.401309	1.941388	-1.132137	1.767437	3.929783	0.008175	0.062084	-0.338477	0.169680	-0.196635	0.882647
35.548567	1.974574	0.407724	1.924112	-1.127483	1.758230	3.982234	-0.062851	0.129578	-0.184676	-0.051455	-0.083762	0.699465
35.622970	1.967241	0.420915	1.911790	-1.138246	1.753111	4.034474	-0.115384	0.193381	-0.122665	-0.201592	-0.030446	0.694159
35.693172	1.957666	0.434936	1.905062	-1.154431	1.752311	4.079219	-0.157374	0.253041	-0.104269	-0.303163	-0.004823	0.770014
35.749730	1.944546	0.454890	1.898776	-1.179344	1.753522	4.137321	-0.221492	0.357775	-0.069212	-0.460365	0.058506	0.900704
35.797596	1.938332	0.465009	1.896819	-1.192480	1.755470	4.163074	-0.263224	0.433168	-0.044309	-0.562219	0.112527	0.997925
35.830929	1.921138	0.495371	1.897911	-1.232135	1.768488	4.224100	-0.294222	0.599218	0.131202	-0.727299	0.351214	0.927977
35.864263	1.914998	0.509488	1.902817	-1.248542	1.779307	4.241967	-0.227264	0.598685	0.276282	-0.664191	0.504437	0.571836
35.897596	1.909240	0.527691	1.913964	-1.268343	1.798441	4.252886	-0.168545	0.633916	0.481350	-0.653867	0.759219	0.174232
35.949224	1.904078	0.548944	1.932990	-1.290709	1.826677	4.253291	-0.088630	0.433595	0.429185	-0.449028	0.634077	-0.089806
36.019471	1.899481	0.570835	1.956064	-1.312600	1.860127	4.244556	-0.045444	0.294582	0.346999	-0.289533	0.476798	-0.201812
36.092290	1.896642	0.589466	1.979128	-1.330700	1.891178	4.227263	-0.022405	0.221235	0.314919	-0.207584	0.387657	-0.279489
36.153781	1.895895	0.601796	1.999119	-1.341815	1.912663	4.204467	0.007805	0.126762	0.295440	-0.114091	0.270656	-0.415309
36.204357	1.898084	0.603808	2.014262	-1.343828	1.921152	4.174372	0.063766	-0.060316	0.262118	0.075170	0.030908	-0.721086
36.260795	1.907645	0.582940	2.036799	-1.321214	1.905900	4.084070	0.151532	-0.352545	0.191735	0.383470	-0.318527	-1.088559
36.305768	1.918117	0.560251	2.045526	-1.296780	1.884956	4.019493	0.213446	-0.543318	0.174638	0.593769	-0.523914	-1.482482
36.340378	1.928589	0.534071	2.052507	-1.268854	1.860521	3.956661	0.297529	-0.756431	0.115986	0.821988	-0.756431	-1.749876
36.374135	1.937315	0.507891	2.054253	-1.240929	1.834341	3.902556	0.289534	-0.754856	-0.010340	0.806559	-0.723835	-1.395967
36.407468	1.946042	0.483456	2.050762	-1.216494	1.813397	3.864159	0.240855	-0.623083	-0.198968	0.706858	-0.560251	-0.780162
36.440801	1.952760	0.466662	2.040685	-1.196341	1.798282	3.852403	0.185433	-0.487046	-0.425695	0.555706	-0.363753	-0.029441
36.474135	1.957360	0.455161	2.027279	-1.183624	1.791184	3.857363	0.199523	-0.514237	-0.639505	0.592063	-0.330026	0.331772
36.511980	1.963555	0.439675	2.005147	-1.165702	1.781892	3.872205	0.177436	-0.449296	-0.713183	0.525429	-0.262636	0.620478
36.552642	1.969061	0.425564	1.980356	-1.148493	1.773287	3.896497	0.138405	-0.358364	-0.694537	0.426230	-0.211374	0.775443
36.595618	1.975713	0.408407	1.937315	-1.127483	1.761037	3.953171	0.024367	-0.125896	-0.511706	0.142141	-0.117774	0.840660
36.650993	1.975209	0.407904	1.932281	-1.127483	1.760030	3.963240	-0.006546	-0.049520	-0.352581	0.052126	-0.080493	0.666068
36.724573	1.966986	0.415388	1.909390	-1.137955	1.755801	4.033456	-0.120973	0.180273	-0.135205	-0.215853	-0.023720	0.683140
36.791838	1.957449	0.429694	1.901443	-1.155439	1.754212	4.081141	-0.170138	0.265725	-0.100637	-0.337727	-0.002317	0.808711
36.855802	1.950187	0.441942	1.897952	-1.170711	1.754960	4.114739	-0.189883	0.319006	-0.068459	-0.386831	0.025435	0.849723
36.911472	1.939452	0.461038	1.895428	-1.193715	1.757878	4.161045	-0.226974	0.403786	-0.019027	-0.473354	0.085027	0.907842
36.944805	1.920047	0.497075	1.898865	-1.235296	1.769632	4.228351	-0.289407	0.629112	0.165489	-0.713522	0.343592	0.917884
36.978139	1.912445	0.513738	1.904852	-1.253495	1.783116	4.246735	-0.198967	0.570461	0.309971	-0.618632	0.545852	0.434848
37.017731	1.905900	0.537561	1.921608	-1.279326	1.809906	4.255113	-0.132247	0.564254	0.502539	-0.581887	0.771441	0.000000
37.061971	1.904746	0.542561	1.926607	-1.284326	1.817213	4.254344	-0.112269	0.505845	0.468868	-0.521625	0.708651	-0.048679
37.135272	1.897173	0.581195	1.968731	-1.322960	1.877974	4.235914	-0.033335	0.264298	0.328587	-0.250012	0.445259	-0.242868
37.204818	1.895528	0.597641	1.990112	-1.337761	1.904288	4.217823	-0.009121	0.176877	0.306120	-0.168913	0.343956	-0.331650
37.256717	1.897173	0.605629	2.008874	-1.345649	1.921608	4.190536	0.033629	0.026903	0.269035	-0.010089	0.144606	-0.544795
37.310587	1.899388	0.602306	2.016627	-1.341218	1.921608	4.165060	0.094083	-0.128290	0.230410	0.167107	-0.033397	-0.777775
37.366290	1.904114	0.593493	2.025231	-1.331077	1.916087	4.126932	0.146388	-0.280535	0.189452	0.329428	-0.201548	-0.989596
37.402320	1.918366	0.561996	2.039043	-1.295533	1.889693	4.034204	0.313481	-0.708620	0.189611	0.802042	-0.633883	-1.870508
37.438504	1.930080	0.535150	2.044669	-1.266728	1.864805	3.969260	0.306247	-0.747728	0.117956	0.840163	-0.716507	-1.776270
37.472306	1.938260	0.514100	2.046556	-1.244362	1.846101	3.925446	0.294823	-0.753691	0.058744	0.845702	-0.740063	-1.623517
37.505639	1.946346	0.491272	2.047271	-1.220820	1.823755	3.881688	0.214903	-0.619667	-0.027432	0.654612	-0.625814	-1.101833
37.538973	1.951933	0.473311	2.043671	-1.204059	1.804998	3.855760	0.050724	-0.298451	-0.150862	0.248382	-0.332158	-0.155116
37.578536	1.950929	0.468446	2.036799	-1.199739	1.796991	3.866602	-0.066172	-0.049409	-0.259395	-0.015881	-0.156166	0.657310
37.647345	1.946079	0.470051	2.022948	-1.203646	1.791896	3.909760	-0.091854	0.060390	-0.224507	-0.105994	-0.050136	0.753233
37.725455	1.940830	0.473319	2.010667	-1.210183	1.790014	3.950565	-0.092959	0.075512	-0.216281	-0.125067	-0.021977	0.740486
37.795480	1.931226	0.479733	1.990373	-1.223010	1.788962	4.017826	-0.086681	0.051566	-0.211691	-0.142124	0.007422	0.672403
37.828814	1.925098	0.479966	1.973967	-1.235693	1.790708	4.061381	-0.057596	-0.178024	-0.204204	-0.136136	0.078540	0.183260
37.862147	1.923353	0.469494	1.968731	-1.239184	1.794198	4.050909	0.000000	-0.424115	-0.099484	-0.104720	0.188496	-0.596903
37.895480	1.924065	0.465219	1.968019	-1.239896	1.796336	4.044498	0.004274	-0.295887	-0.063152	-0.070526	0.132930	-0.434480
37.995480	1.925098	0.457276	1.966986	-1.240929	1.799434	4.033456	0.000000	0.000000	0.000000	0.000000	0.000000	0.000000
38.095480	1.925098	0.457276	1.966986	-1.240929	1.799434	4.033456	0.000000	0.000000	0.000000	0.000000	0.000000	0.000000
38.128814	1.926843	0.455531	1.965241	-1.239184	1.799434	4.031711	0.130900	-0.151844	-0.083776	0.314159	-0.094248	-0.214675
38.162147	1.933825	0.448550	1.960005	-1.221730	1.794198	4.021239	0.272271	-0.298451	-0.188496	0.644026	-0.209440	-0.424115
38.195480	1.937871	0.443829	1.957307	-1.212290	1.790827	4.015170	0.304639	-0.330819	-0.212772	0.706740	-0.233716	-0.454460
38.228814	1.949504	0.431125	1.949304	-1.186137	1.781752	3.998091	0.351584	-0.373300	-0.255791	0.804110	-0.276735	-0.480337
38.262147	1.966986	0.413643	1.935570	-1.146681	1.766273	3.975860	0.282743	-0.267035	-0.235619	0.649262	-0.230383	-0.251327
38.295480	1.973125	0.407504	1.929431	-1.131334	1.761669	3.972791	0.153829	-0.101289	-0.189579	0.363810	-0.147510	-0.007312
38.328814	1.975143	0.406662	1.925063	-1.125702	1.758686	3.978247	0.040926	0.037828	-0.165628	0.106001	-0.093820	0.347073
38.369492	1.974359	0.410722	1.917939	-1.126699	1.756193	3.998692	-0.087475	0.167069	-0.138699	-0.149732	-0.043431	0.638154
38.415462	1.970763	0.416705	1.913968	-1.133091	1.755000	4.019007	-0.128340	0.210933	-0.121804	-0.228360	-0.023714	0.711533
38.463593	1.963002	0.428744	1.908745	-1.146871	1.754056	4.055273	-0.170825	0.266447	-0.105790	-0.322574	-0.002601	0.827640
38.511830	1.955165	0.440458	1.904868	-1.161080	1.754056	4.089465	-0.195632	0.301219	-0.091279	-0.389373	0.018996	0.890336
38.555388	1.943424	0.457567	1.900954	-1.183333	1.755510	4.137158	-0.234740	0.371310	-0.067450	-0.484841	0.072125	0.972352
38.589845	1.932589	0.476257	1.897973	-1.207841	1.760383	4.182463	-0.282808	0.475709	-0.025537	-0.599173	0.162298	1.063063
38.623178	1.926123	0.487895	1.897666	-1.223666	1.765249	4.207647	-0.264986	0.478068	0.028115	-0.583699	0.221164	0.926883
38.656511	1.916675	0.505538	1.901309	-1.244610	1.776290	4.237697	-0.181666	0.424456	0.147291	-0.471011	0.310972	0.543745
38.689845	1.911323	0.519356	1.908048	-1.259376	1.788211	4.251246	-0.126791	0.417832	0.267277	-0.434104	0.434910	0.233525
38.723178	1.908042	0.533158	1.918276	-1.273852	1.804036	4.255113	-0.111146	0.469692	0.384012	-0.478141	0.595951	0.061761
38.763271	1.903936	0.551633	1.935679	-1.293398	1.830632	4.253149	-0.077269	0.406749	0.401852	-0.406205	0.597200	-0.102028
38.812713	1.900340	0.567814	1.952894	-1.309579	1.855802	4.246451	-0.048113	0.313651	0.350128	-0.301754	0.494991	-0.180817
38.863549	1.898065	0.581040	1.968537	-1.322804	1.876850	4.236069	-0.034485	0.265048	0.333255	-0.257952	0.448689	-0.241320
38.913152	1.895428	0.598648	1.993166	-1.340413	1.907645	4.213225	0.000000	0.165376	0.299085	-0.151302	0.327234	-0.330753
38.951820	1.895428	0.603884	2.005383	-1.345649	1.919862	4.195772	0.018055	0.072218	0.275332	-0.058677	0.207628	-0.482960
38.990989	1.897173	0.603884	2.015855	-1.343904	1.923353	4.173082	0.080205	-0.115851	0.218335	0.151498	-0.008912	-0.735211
39.028341	1.902409	0.595157	2.022837	-1.333432	1.918117	4.138176	0.154198	-0.313068	0.182234	0.355122	-0.233633	-1.027986
39.066171	1.909390	0.581195	2.029818	-1.317724	1.905900	4.096288	0.179931	-0.442907	0.143022	0.484430	-0.378316	-1.158018
39.101478	1.911470	0.575476	2.030858	-1.312005	1.900701	4.082771	0.206039	-0.496638	0.141461	0.547017	-0.436268	-1.267258
39.134812	1.925098	0.541052	2.036799	-1.275836	1.869248	4.002040	0.251327	-0.638791	0.089012	0.664970	-0.591667	-1.413717
39.168145	1.931291	0.526189	2.039276	-1.259734	1.855623	3.969836	0.236464	-0.620211	0.066717	0.657539	-0.591667	-1.346831
39.201478	1.939061	0.505709	2.040290	-1.238747	1.835650	3.925245	0.214675	-0.553706	0.041888	0.603448	-0.540616	-1.189878
39.234812	1.945701	0.486226	2.041921	-1.217633	1.816167	3.883775	0.155600	-0.436181	0.017074	0.454279	-0.415920	-0.867694
39.268145	1.950036	0.475883	2.042035	-1.207176	1.807155	3.864307	0.103921	-0.269608	0.011714	0.289310	-0.264639	-0.540726
39.301478	1.951970	0.471600	2.042035	-1.202893	1.803286	3.856155	0.053714	-0.132705	0.006319	0.147420	-0.132705	-0.268570
39.334812	1.953023	0.469494	2.042035	-1.200787	1.801180	3.851942	0.000000	0.000000	0.000000	0.004363	0.000000	0.000000
39.434812	1.953023	0.469494	2.042035	-1.200787	1.801180	3.851942	0.000000	0.000000	0.000000	0.000000	0.000000	0.000000
39.534812	1.953023	0.469494	2.042035	-1.200787	1.801180	3.851942	0.000000	0.000000	0.000000	0.000000	0.000000	0.000000
39.594492	1.946835	0.469494	2.035847	-1.205737	1.799942	3.868030	-0.188709	-0.031106	-0.257142	-0.219815	-0.062212	0.588938
39.679197	1.945838	0.469686	2.029648	-1.207318	1.801104	3.880476	-0.182424	-0.025069	-0.254287	-0.212800	-0.059540	0.559624
39.767143	1.952540	0.470524	2.013730	-1.205363	1.808365	3.905888	-0.154426	0.000305	-0.239834	-0.181460	-0.047819	0.431991
39.856723	1.959242	0.471362	1.997813	-1.203409	1.815626	3.931300	-0.130724	0.024303	-0.230473	-0.155083	-0.037595	0.319060
39.945500	1.965944	0.472200	1.981895	-1.201454	1.822886	3.956712	-0.110830	0.048743	-0.227522	-0.133207	-0.028498	0.215937
40.031600	1.972647	0.473037	1.965978	-1.199499	1.830147	3.982124	-0.092546	0.075233	-0.229409	-0.113349	-0.019655	0.113352
40.113864	1.979349	0.473875	1.950061	-1.197544	1.837407	4.007536	-0.074118	0.104880	-0.234676	-0.093515	-0.010388	0.004240
40.187148	1.986051	0.474713	1.934143	-1.195590	1.844668	4.032948	-0.057668	0.147071	-0.257332	-0.076774	-0.000229	-0.123655
40.263091	1.965241	0.481711	1.919862	-1.214749	1.832596	4.021239	-0.402190	0.057456	-0.112613	-0.342436	-0.243612	-0.149385
40.296424	1.935570	0.483456	1.918117	-1.239184	1.813397	4.014257	-0.727802	0.020944	0.162316	-0.528835	-0.534071	0.005236
40.329757	1.929301	0.482886	1.923816	-1.242033	1.808268	4.018247	-0.620090	-0.018380	0.398257	-0.407444	-0.518683	0.220661
40.422294	1.909390	0.476475	1.968731	-1.249656	1.783726	4.050909	-0.022633	-0.062241	0.333840	0.037722	-0.094305	0.254624
40.473364	1.916226	0.471348	1.990948	-1.239402	1.783726	4.067999	0.380623	-0.179703	0.404116	0.362823	0.157062	0.294045
40.525140	1.942551	0.460767	2.007129	-1.218240	1.795944	4.080580	0.505641	-0.107870	0.155063	0.411254	0.286530	0.151692
40.576849	1.963495	0.464258	2.000147	-1.200787	1.809906	4.082325	0.398285	0.243022	-0.459041	0.259898	0.317278	-0.118136
40.642768	1.980290	0.481052	1.968237	-1.190710	1.826701	4.070569	0.207970	0.295094	-0.569006	0.107057	0.215763	-0.202225
40.723492	1.984068	0.495748	1.940472	-1.190315	1.832039	4.060750	-0.107875	0.124527	-0.231757	-0.106955	-0.021943	-0.120341
40.806068	1.957096	0.502546	1.928771	-1.214240	1.817215	4.049382	-0.439544	0.047776	-0.053809	-0.362749	-0.259622	-0.109952
40.839401	1.931560	0.504214	1.927029	-1.233465	1.802851	4.042925	-0.328084	0.026291	-0.013368	-0.256006	-0.195959	-0.066397
40.872734	1.928589	0.505761	1.926843	-1.235693	1.799819	4.042183	-0.051916	0.003461	0.000000	-0.039226	-0.031150	-0.009230
40.906068	1.928589	0.506145	1.926843	-1.235693	1.799434	4.042183	0.000000	0.004363	0.008727	0.000000	-0.004363	0.008727
40.939401	1.928589	0.506145	1.926843	-1.235693	1.799434	4.043433	0.003752	0.023998	0.029234	0.000000	-0.016493	0.051749
40.972734	1.928589	0.507437	1.928135	-1.235693	1.798143	4.046511	0.009111	0.046914	0.059900	0.015499	-0.036442	0.106814
41.006068	1.929643	0.508945	1.930698	-1.235693	1.796635	4.049527	0.016799	0.065014	0.087048	0.024107	-0.054542	0.152062
41.039401	1.930334	0.510777	1.934362	-1.234552	1.794803	4.055474	0.020944	0.086998	0.113178	0.026180	-0.073102	0.193329
41.072734	1.930334	0.514051	1.938239	-1.233948	1.791529	4.063229	0.020944	0.098252	0.116424	0.026180	-0.078540	0.204204
41.106068	1.930935	0.516074	1.940263	-1.233347	1.789506	4.067275	0.022747	0.099484	0.115192	0.026180	-0.078540	0.204204
41.139401	1.932079	0.521853	1.947787	-1.232202	1.785472	4.078834	0.020944	0.104720	0.109956	0.026180	-0.078540	0.209440
41.172734	1.933825	0.525344	1.951278	-1.230457	1.781981	4.084070	0.026180	0.104720	0.109956	0.026180	-0.078540	0.204204
41.206068	1.933825	0.526289	1.952223	-1.230457	1.781508	4.085961	0.024762	0.104720	0.109956	0.026180	-0.078540	0.202785
41.239401	1.935570	0.532325	1.958259	-1.228712	1.776745	4.098033	0.026180	0.109956	0.109956	0.020944	-0.083776	0.198968
41.272734	1.935570	0.535816	1.961750	-1.228712	1.773255	4.105014	0.020944	0.104720	0.109956	0.020944	-0.078540	0.204204
41.306068	1.936164	0.537004	1.962938	-1.228712	1.772660	4.107391	0.022726	0.106502	0.109956	0.020944	-0.078540	0.205986
41.339401	1.937315	0.542797	1.968731	-1.226966	1.768019	4.118977	0.020944	0.109956	0.104720	0.020944	-0.083776	0.198968
41.372734	1.937315	0.546288	1.972222	-1.226966	1.766273	4.125958	0.020944	0.109956	0.104720	0.020944	-0.078540	0.193732
41.406068	1.939061	0.551524	1.975713	-1.225221	1.762783	4.132940	0.026180	0.109956	0.104720	0.020944	-0.078540	0.198968
41.439401	1.939061	0.555015	1.979203	-1.225221	1.759292	4.138176	0.020944	0.115192	0.104720	0.020944	-0.078540	0.204204
41.472734	1.940811	0.558537	1.982721	-1.225217	1.757524	4.145212	0.020944	0.115192	0.104692	0.020930	-0.078526	0.198981
41.506068	1.941268	0.561736	1.985463	-1.224760	1.755239	4.150695	0.020944	0.115192	0.101951	0.019560	-0.077155	0.200352
41.539401	1.941724	0.564934	1.988204	-1.224303	1.752955	4.156177	0.020944	0.115192	0.099210	0.018189	-0.075785	0.201723
41.572734	1.942181	0.568132	1.990946	-1.223846	1.750670	4.161660	0.020944	0.115192	0.096468	0.016818	-0.074414	0.203093
41.606068	1.943078	0.571775	1.993692	-1.222949	1.747767	4.168206	0.022523	0.118350	0.095827	0.015708	-0.074883	0.204204
41.639401	1.944297	0.577316	1.998014	-1.221730	1.742226	4.179288	0.021526	0.121009	0.094830	0.015708	-0.078540	0.199549
41.672734	1.944297	0.579407	1.999538	-1.221730	1.741271	4.182335	0.020944	0.123834	0.094248	0.015708	-0.078540	0.200671
41.706068	1.945833	0.586012	2.004964	-1.220195	1.737021	4.193188	0.025552	0.126292	0.094248	0.020316	-0.083147	0.199596
41.739401	1.946042	0.589103	2.008056	-1.219985	1.735266	4.198035	0.022171	0.113637	0.086230	0.016935	-0.075758	0.190950
41.772734	1.947089	0.592016	2.009921	-1.219985	1.732763	4.202404	0.017802	0.094248	0.068068	0.012566	-0.060737	0.153938
41.806068	1.947787	0.595157	2.011492	-1.219985	1.730494	4.207116	0.015708	0.070686	0.047124	0.007854	-0.041888	0.109956
41.839401	1.947787	0.596903	2.012365	-1.219226	1.729621	4.210493	0.008878	0.043937	0.027546	0.002959	-0.022310	0.068523
41.872734	1.947787	0.597833	2.013295	-1.218240	1.729621	4.211479	0.000000	0.012217	0.007330	0.000000	-0.004887	0.019548
41.972734	1.947787	0.598648	2.014110	-1.218240	1.729621	4.211479	0.000000	0.000000	0.000000	0.000000	0.000000	0.000000
42.006068	1.947787	0.598648	2.014110	-1.218634	1.729621	4.211479	0.034288	-0.002365	0.003547	-0.004729	0.000000	-0.001182
42.039401	1.960525	0.595463	2.014110	-1.221577	1.729621	4.209887	0.591301	-0.115559	0.063475	-0.106925	0.052544	-0.062556
42.083130	1.982112	0.591339	2.016655	-1.225548	1.732167	4.207189	0.727400	-0.151084	0.072258	-0.134371	0.061365	-0.086809
42.141433	2.013739	0.583905	2.019606	-1.231980	1.735117	4.203236	0.728903	-0.154519	0.073629	-0.139551	0.059489	-0.088597
42.214668	2.064689	0.572824	2.024404	-1.242318	1.738811	4.197695	0.731155	-0.151795	0.074268	-0.145910	0.055446	-0.087692
42.306487	2.146755	0.556760	2.033309	-1.258382	1.745329	4.187045	0.714712	-0.152066	0.068430	-0.155868	0.049422	-0.085537
42.408962	2.214823	0.541052	2.040290	-1.274090	1.748820	4.178318	0.701704	-0.146472	0.064720	-0.149879	0.042579	-0.083455
42.522253	2.289872	0.525344	2.047271	-1.289798	1.754056	4.169592	0.680938	-0.137112	0.061623	-0.157140	0.032352	-0.084732
42.639938	2.360425	0.511234	2.053543	-1.307045	1.757192	4.160185	0.671493	-0.138652	0.061986	-0.157932	0.025815	-0.086896
42.762852	2.445420	0.494569	2.060949	-1.327412	1.759221	4.149075	0.650110	-0.133476	0.052828	-0.160108	0.015967	-0.085140
42.888728	2.516493	0.479190	2.067129	-1.345882	1.760766	4.139805	0.630356	-0.127994	0.051302	-0.162534	0.005885	-0.082022
43.014057	2.555511	0.471048	2.070024	-1.356375	1.761037	4.134558	0.624058	-0.124270	0.049602	-0.167693	-0.000152	-0.081201
43.135029	2.679080	0.446804	2.078687	-1.392773	1.757547	4.117232	0.588646	-0.119749	0.043283	-0.174574	-0.027412	-0.082237
43.251102	2.732749	0.437171	2.082816	-1.409286	1.753418	4.110351	0.564878	-0.107019	0.035625	-0.190240	-0.045167	-0.079780
43.360363	2.776819	0.428478	2.085668	-1.425061	1.748820	4.104142	0.547112	-0.101435	0.028753	-0.201273	-0.065494	-0.081468
43.447154	2.857104	0.413643	2.089159	-1.457350	1.734857	4.091052	0.500728	-0.086471	0.010055	-0.253380	-0.134734	-0.088482
43.520027	2.895501	0.406662	2.089159	-1.480039	1.722640	4.084070	0.440686	-0.062271	-0.007185	-0.289799	-0.205973	-0.086221
43.627655	2.919936	0.403171	2.087414	-1.500983	1.705187	4.078834	0.165405	-0.012973	-0.025946	-0.191351	-0.175135	-0.045405
43.769068	2.933898	0.403171	2.082178	-1.523672	1.682497	4.073598	0.062945	0.003703	-0.038260	-0.181428	-0.193770	-0.034558
43.919389	2.939134	0.404916	2.075196	-1.549852	1.651081	4.068362	0.008128	0.020899	-0.049926	-0.185772	-0.219443	-0.032510
44.078962	2.937617	0.409469	2.067608	-1.575653	1.620728	4.063809	-0.023730	0.029198	-0.055591	-0.189266	-0.232397	-0.029674
44.235631	2.928662	0.415388	2.057743	-1.610939	1.576032	4.057891	-0.060157	0.041219	-0.063499	-0.198296	-0.259568	-0.028965
44.378948	2.920518	0.419461	2.049598	-1.634016	1.544810	4.053818	-0.082811	0.047901	-0.070363	-0.212035	-0.284698	-0.030716
44.492982	2.906132	0.426654	2.038227	-1.667741	1.501221	4.049640	-0.124738	0.061221	-0.088770	-0.255528	-0.344925	-0.034298
44.584805	2.892853	0.432661	2.029216	-1.690983	1.467942	4.046636	-0.157763	0.073278	-0.104739	-0.294881	-0.399619	-0.036311
44.646407	2.876934	0.440380	2.019086	-1.718481	1.429833	4.042777	-0.223401	0.093556	-0.136536	-0.359636	-0.503225	-0.041594
44.690470	2.865831	0.445308	2.012614	-1.736353	1.405489	4.040936	-0.266523	0.106949	-0.152218	-0.401199	-0.568129	-0.044138
44.723803	2.858474	0.448351	2.008300	-1.747251	1.389503	4.039664	-0.271874	0.110022	-0.148463	-0.396477	-0.563565	-0.043081
44.757136	2.849704	0.451598	2.004080	-1.759269	1.372294	4.038692	-0.073862	0.032952	-0.038257	-0.106814	-0.156870	-0.011868
44.790470	2.848377	0.452040	2.003638	-1.761037	1.370083	4.038692	-0.015984	0.007992	-0.007992	-0.023975	-0.037295	-0.002664
44.823803	2.848377	0.453646	2.003638	-1.761037	1.370083	4.040298	0.000000	0.183050	0.052988	-0.043354	0.043354	0.236038
44.866447	2.848377	0.481711	2.010619	-1.768019	1.377065	4.075344	0.000000	0.920874	0.225103	-0.216917	0.229195	1.154163
44.910631	2.848377	0.490263	2.012452	-1.769851	1.379203	4.085729	0.000000	0.924727	0.211036	-0.211431	0.227429	1.138825
44.951163	2.848377	0.542943	2.022328	-1.780963	1.392373	4.148284	0.000000	0.951816	0.146226	-0.190812	0.226516	1.084137
44.984496	2.848377	0.570588	2.025857	-1.786747	1.399284	4.179459	0.000000	0.167752	0.016916	-0.032423	0.042290	0.184668
45.084496	2.848377	0.572468	2.026327	-1.787217	1.399754	4.181809	0.000000	0.000000	0.000000	0.000000	0.000000	0.000000
45.184496	2.848377	0.572468	2.026327	-1.787217	1.399754	4.181809	0.000000	0.000000	0.000000	0.000000	0.000000	0.000000
45.284496	2.848377	0.572468	2.026327	-1.787217	1.399754	4.181809	0.000000	0.000000	0.000000	0.000000	0.000000	0.000000
45.384496	2.848377	0.572468	2.026327	-1.787217	1.399754	4.181809	0.000000	0.000000	0.000000	0.000000	0.000000	0.000000
45.484496	2.848377	0.572468	2.026327	-1.787217	1.399754	4.181809	0.000000	0.000000	0.000000	0.000000	0.000000	0.000000
45.584496	2.848377	0.572468	2.026327	-1.787217	1.399754	4.181809	0.000000	0.000000	0.000000	0.000000	0.000000	0.000000
45.684496	2.848377	0.572468	2.026327	-1.787217	1.399754	4.181809	0.000000	0.000000	0.000000	0.000000	0.000000	0.000000
45.784496	2.848377	0.572468	2.026327	-1.787217	1.399754	4.181809	0.000000	0.000000	0.000000	0.000000	0.000000	0.000000
45.884496	2.848377	0.572468	2.026327	-1.787217	1.399754	4.181809	0.000000	0.000000	0.000000	0.000000	0.000000	0.000000
45.984496	2.848377	0.572468	2.026327	-1.787217	1.399754	4.181809	0.000000	0.000000	0.000000	0.000000	0.000000	0.000000
46.017830	2.851951	0.572468	2.027519	-1.784835	1.400945	4.181809	0.321639	-0.046459	0.117934	0.271607	0.178689	0.025016
46.065659	2.875077	0.568680	2.035648	-1.764788	1.414125	4.184334	0.761332	-0.113431	0.252406	0.652171	0.420029	0.059860
46.137355	2.923024	0.562265	2.049721	-1.724016	1.440064	4.187783	0.775950	-0.092505	0.207248	0.674457	0.410095	0.052151
46.200489	2.977123	0.556797	2.062311	-1.678190	1.467042	4.191093	0.787825	-0.074053	0.166635	0.684421	0.408264	0.042585
46.233822	3.018672	0.552272	2.070584	-1.642355	1.488891	4.193652	0.622334	-0.044132	0.097988	0.534818	0.315655	0.025806
46.333822	3.028146	0.551524	2.071706	-1.633628	1.494002	4.194026	0.000000	0.000000	0.000000	0.000000	0.000000	0.000000
46.433822	3.028146	0.551524	2.071706	-1.633628	1.494002	4.194026	0.000000	0.000000	0.000000	0.000000	0.000000	0.000000
46.467155	3.030359	0.549312	2.070600	-1.633628	1.495108	4.189601	0.109513	-0.162611	-0.119469	0.059735	0.096239	-0.288717
46.500489	3.036546	0.540179	2.063088	-1.630683	1.500656	4.172319	0.305324	-0.453895	-0.353429	0.164934	0.284380	-0.814851
46.537500	3.051999	0.515454	2.043781	-1.621411	1.516109	4.130613	0.506149	-0.760795	-0.591031	0.273509	0.484143	-1.353398
46.588085	3.078875	0.475261	2.012934	-1.606689	1.540177	4.060736	0.551375	-0.837451	-0.634258	0.299877	0.503596	-1.457833
46.645272	3.106479	0.433433	1.981097	-1.592125	1.565915	3.988255	0.613026	-0.949878	-0.714154	0.330437	0.562126	-1.615667
46.701099	3.144786	0.376842	1.937650	-1.572690	1.600207	3.889930	0.728907	-1.096885	-0.844582	0.387402	0.663386	-1.871689
46.742128	3.183540	0.318774	1.892854	-1.552781	1.636113	3.789790	0.954155	-1.434621	-1.111547	0.510748	0.882273	-2.471690
46.775461	3.219223	0.263326	1.851285	-1.533017	1.669008	3.695189	0.982402	-1.471857	-1.141336	0.523053	0.917497	-2.546216
46.808795	3.243944	0.225596	1.822946	-1.520007	1.691573	3.629811	0.788689	-1.185577	-0.908593	0.415588	0.728176	-2.022063
46.842128	3.275983	0.178024	1.785472	-1.502728	1.722640	3.546509	0.429351	-0.628319	-0.471239	0.219911	0.397935	-1.073377
46.875461	3.286117	0.162822	1.773649	-1.497661	1.731085	3.521174	0.186131	-0.263488	-0.207750	0.098301	0.164849	-0.455193
46.908795	3.288200	0.158825	1.771509	-1.497492	1.733112	3.515093	-0.010472	0.000000	-0.005236	0.020944	0.020944	-0.005236
46.963070	3.281219	0.160570	1.769764	-1.494002	1.736603	3.515093	-0.321568	0.083608	-0.022510	0.086823	0.125412	0.080392
47.040003	3.271329	0.162897	1.769182	-1.491675	1.740093	3.517420	-0.321392	0.081671	-0.023443	0.083940	0.123263	0.079403
47.218791	3.202679	0.179769	1.764528	-1.474803	1.766273	3.534292	-0.335812	0.085905	-0.026357	0.087858	0.128858	0.083953
47.447206	3.132866	0.197222	1.757547	-1.457350	1.794198	3.551745	-0.353016	0.087108	-0.027508	0.090164	0.136775	0.084816
47.696090	3.088377	0.208344	1.754124	-1.445372	1.811310	3.562867	-0.364203	0.089913	-0.029027	0.092718	0.139276	0.087809
47.934891	2.971895	0.237514	1.744829	-1.414917	1.856202	3.591246	-0.416550	0.102858	-0.033771	0.105616	0.158239	0.100252
48.138259	2.877011	0.261302	1.737078	-1.390594	1.892819	3.613965	-0.478609	0.118150	-0.038735	0.121126	0.182917	0.114432
48.304384	2.782127	0.285090	1.729327	-1.366272	1.929436	3.636684	-0.573037	0.141421	-0.046293	0.144741	0.220385	0.136065
48.432547	2.687243	0.308878	1.721576	-1.341950	1.966053	3.659402	-0.726089	0.179139	-0.058545	0.183026	0.281077	0.171154
48.540540	2.592359	0.332666	1.713825	-1.317627	2.002670	3.682121	-0.841900	0.207647	-0.067747	0.211765	0.328128	0.196933
48.641642	2.497475	0.356453	1.706074	-1.293305	2.039288	3.704840	-0.878132	0.216512	-0.070514	0.220382	0.344676	0.203746
48.735455	2.391504	0.382294	1.697131	-1.266337	2.080198	3.730541	-0.838951	0.205543	-0.068407	0.213020	0.328940	0.195919
48.805313	2.320336	0.399046	1.690589	-1.248545	2.107406	3.748333	-0.813119	0.195784	-0.067457	0.211002	0.311620	0.196693
48.849865	2.274108	0.410603	1.686945	-1.236988	2.125135	3.759101	-0.802715	0.191580	-0.062807	0.205860	0.304304	0.194107
48.883198	2.251303	0.416304	1.685530	-1.231287	2.134166	3.763845	-0.567374	0.135706	-0.038626	0.143432	0.218452	0.131844
48.916531	2.241003	0.418879	1.684243	-1.228712	2.138028	3.766421	-0.095447	0.022907	0.000000	0.022907	0.038179	0.022907
48.949865	2.241003	0.418879	1.684243	-1.228712	2.138028	3.766421	-0.019464	-0.008651	0.023790	-0.002163	-0.010813	0.000000
48.983198	2.234339	0.414119	1.691859	-1.230616	2.132316	3.767373	-0.366996	-0.277984	0.440299	-0.156604	-0.337484	0.039984
49.016531	2.213619	0.398356	1.715057	-1.239786	2.113233	3.769851	-0.941937	-0.701984	1.039796	-0.444518	-0.877480	0.083415
49.049865	2.174197	0.370567	1.756284	-1.259496	2.077387	3.772548	-1.325819	-0.908054	1.294960	-0.668647	-1.204834	0.064837
49.085244	2.132636	0.344578	1.794978	-1.280635	2.040539	3.773402	-1.339988	-0.800151	1.142570	-0.702192	-1.181596	0.020349
49.122659	2.083175	0.316902	1.834341	-1.307002	1.997155	3.773402	-1.342771	-0.688378	0.984921	-0.733693	-1.155516	-0.011995
49.161429	2.001893	0.279253	1.886701	-1.352630	1.926843	3.771657	-1.341530	-0.531210	0.742793	-0.747295	-1.120943	-0.045018
49.194762	1.961750	0.263545	1.907645	-1.375319	1.893682	3.769911	-0.822050	-0.287979	0.392699	-0.471239	-0.664970	-0.026180
49.228096	1.947787	0.258309	1.914626	-1.384046	1.883210	3.769911	-0.036652	-0.005236	0.015708	-0.015708	-0.020944	0.000000
49.328096	1.947787	0.258309	1.914626	-1.384046	1.883210	3.769911	0.000000	0.000000	0.000000	0.000000	0.000000	0.000000
49.428096	1.947787	0.258309	1.914626	-1.384046	1.883210	3.769911	0.000000	0.000000	0.000000	0.000000	0.000000	0.000000
49.528096	1.947787	0.258309	1.914626	-1.384046	1.883210	3.769911	0.000000	0.000000	0.000000	0.000000	0.000000	0.000000
49.628096	1.947787	0.258309	1.914626	-1.384046	1.883210	3.769911	0.000000	0.000000	0.000000	0.000000	0.000000	0.000000
49.728096	1.947787	0.258309	1.914626	-1.384046	1.883210	3.769911	0.000000	0.000000	0.000000	0.000000	0.000000	0.000000
49.828096	1.947787	0.258309	1.914626	-1.384046	1.883210	3.769911	0.000000	0.000000	0.000000	0.000000	0.000000	0.000000
49.928096	1.947787	0.258309	1.914626	-1.384046	1.883210	3.769911	0.000000	0.000000	0.000000	0.000000	0.000000	0.000000
50.028096	1.947787	0.258309	1.914626	-1.384046	1.883210	3.769911	0.000000	0.000000	0.000000	0.000000	0.000000	0.000000
50.128096	1.947787	0.258309	1.914626	-1.384046	1.883210	3.769911	0.000000	0.000000	0.000000	0.000000	0.000000	0.000000
50.228096	1.947787	0.258309	1.914626	-1.384046	1.883210	3.769911	0.000000	0.000000	0.000000	0.000000	0.000000	0.000000
50.328096	1.947787	0.258309	1.914626	-1.384046	1.883210	3.769911	0.000000	0.000000	0.000000	0.000000	0.000000	0.000000
50.428096	1.947787	0.258309	1.914626	-1.384046	1.883210	3.769911	0.000000	0.000000	0.000000	0.000000	0.000000	0.000000
50.528096	1.947787	0.258309	1.914626	-1.384046	1.883210	3.769911	0.000000	0.000000	0.000000	0.000000	0.000000	0.000000
50.628096	1.947787	0.258309	1.914626	-1.384046	1.883210	3.769911	0.000000	0.000000	0.000000	0.000000	0.000000	0.000000
50.728096	1.947787	0.258309	1.914626	-1.384046	1.883210	3.769911	0.000000	0.000000	0.000000	0.000000	0.000000	0.000000
50.828096	1.947787	0.258309	1.914626	-1.384046	1.883210	3.769911	0.000000	0.000000	0.000000	0.000000	0.000000	0.000000
50.928096	1.947787	0.258309	1.914626	-1.384046	1.883210	3.769911	0.000000	0.000000	0.000000	0.000000	0.000000	0.000000
51.028096	1.947787	0.258309	1.914626	-1.384046	1.883210	3.769911	0.000000	0.000000	0.000000	0.000000	0.000000	0.000000
51.128096	1.947787	0.258309	1.914626	-1.384046	1.883210	3.769911	0.000000	0.000000	0.000000	0.000000	0.000000	0.000000
51.228096	1.947787	0.258309	1.914626	-1.384046	1.883210	3.769911	0.000000	0.000000	0.000000	0.000000	0.000000	0.000000
51.328096	1.947787	0.258309	1.914626	-1.384046	1.883210	3.769911	0.000000	0.000000	0.000000	0.000000	0.000000	0.000000
51.428096	1.947787	0.258309	1.914626	-1.384046	1.883210	3.769911	0.000000	0.000000	0.000000	0.000000	0.000000	0.000000
51.528096	1.947787	0.258309	1.914626	-1.384046	1.883210	3.769911	0.000000	0.000000	0.000000	0.000000	0.000000	0.000000
51.628096	1.947787	0.258309	1.914626	-1.384046	1.883210	3.769911	0.000000	0.000000	0.000000	0.000000	0.000000	0.000000
51.728096	1.947787	0.258309	1.914626	-1.384046	1.883210	3.769911	0.000000	0.000000	0.000000	0.000000	0.000000	0.000000
51.828096	1.947787	0.258309	1.914626	-1.384046	1.883210	3.769911	0.000000	0.000000	0.000000	0.000000	0.000000	0.000000
51.928096	1.947787	0.258309	1.914626	-1.384046	1.883210	3.769911	0.000000	0.000000	0.000000	0.000000	0.000000	0.000000
52.028096	1.947787	0.258309	1.914626	-1.384046	1.883210	3.769911	0.000000	0.000000	0.000000	0.000000	0.000000	0.000000
52.128096	1.947787	0.258309	1.914626	-1.384046	1.883210	3.769911	0.000000	0.000000	0.000000	0.000000	0.000000	0.000000
52.228096	1.947787	0.258309	1.914626	-1.384046	1.883210	3.769911	0.000000	0.000000	0.000000	0.000000	0.000000	0.000000
52.328096	1.947787	0.258309	1.914626	-1.384046	1.883210	3.769911	0.000000	0.000000	0.000000	0.000000	0.000000	0.000000
52.428096	1.947787	0.258309	1.914626	-1.384046	1.883210	3.769911	0.000000	0.000000	0.000000	0.000000	0.000000	0.000000
52.528096	1.947787	0.258309	1.914626	-1.384046	1.883210	3.769911	0.000000	0.000000	0.000000	0.000000	0.000000	0.000000
52.628096	1.947787	0.258309	1.914626	-1.384046	1.883210	3.769911	0.000000	0.000000	0.000000	0.000000	0.000000	0.000000
52.728096	1.947787	0.258309	1.914626	-1.384046	1.883210	3.769911	0.000000	0.000000	0.000000	0.000000	0.000000	0.000000
52.828096	1.947787	0.258309	1.914626	-1.384046	1.883210	3.769911	0.000000	0.000000	0.000000	0.000000	0.000000	0.000000
52.928096	1.947787	0.258309	1.914626	-1.384046	1.883210	3.769911	0.000000	0.000000	0.000000	0.000000	0.000000	0.000000
53.028096	1.947787	0.258309	1.914626	-1.384046	1.883210	3.769911	0.000000	0.000000	0.000000	0.000000	0.000000	0.000000
53.128096	1.947787	0.258309	1.914626	-1.384046	1.883210	3.769911	0.000000	0.000000	0.000000	0.000000	0.000000	0.000000
53.228096	1.947787	0.258309	1.914626	-1.384046	1.883210	3.769911	0.000000	0.000000	0.000000	0.000000	0.000000	0.000000
53.328096	1.947787	0.258309	1.914626	-1.384046	1.883210	3.769911	0.000000	0.000000	0.000000	0.000000	0.000000	0.000000
53.428096	1.947787	0.258309	1.914626	-1.384046	1.883210	3.769911	0.000000	0.000000	0.000000	0.000000	0.000000	0.000000
53.528096	1.947787	0.258309	1.914626	-1.384046	1.883210	3.769911	0.000000	0.000000	0.000000	0.000000	0.000000	0.000000
53.628096	1.947787	0.258309	1.914626	-1.384046	1.883210	3.769911	0.000000	0.000000	0.000000	0.000000	0.000000	0.000000
53.728096	1.947787	0.258309	1.914626	-1.384046	1.883210	3.769911	0.000000	0.000000	0.000000	0.000000	0.000000	0.000000
53.828096	1.947787	0.258309	1.914626	-1.384046	1.883210	3.769911	0.000000	0.000000	0.000000	0.000000	0.000000	0.000000
53.928096	1.947787	0.258309	1.914626	-1.384046	1.883210	3.769911	0.000000	0.000000	0.000000	0.000000	0.000000	0.000000
54.028096	1.947787	0.258309	1.914626	-1.384046	1.883210	3.769911	0.000000	0.000000	0.000000	0.000000	0.000000	0.000000
54.128096	1.947787	0.258309	1.914626	-1.384046	1.883210	3.769911	0.000000	0.000000	0.000000	0.000000	0.000000	0.000000
54.228096	1.947787	0.258309	1.914626	-1.384046	1.883210	3.769911	0.000000	0.000000	0.000000	0.000000	0.000000	0.000000
54.328096	1.947787	0.258309	1.914626	-1.384046	1.883210	3.769911	0.000000	0.000000	0.000000	0.000000	0.000000	0.000000
54.428096	1.947787	0.258309	1.914626	-1.384046	1.883210	3.769911	0.000000	0.000000	0.000000	0.000000	0.000000	0.000000
54.461429	1.947787	0.256121	1.913532	-1.385140	1.883210	3.766629	-0.045952	-0.157549	-0.078774	-0.108315	0.000000	-0.265863
54.494762	1.946406	0.251364	1.910117	-1.388555	1.883210	3.757767	-0.044288	-0.249255	-0.179551	-0.166570	0.037306	-0.461421
54.528096	1.949533	0.242601	1.895428	-1.394518	1.890192	3.733259	0.324631	0.036652	-0.403171	0.052360	0.356047	-0.272271
54.561429	1.955506	0.244773	1.889455	-1.392889	1.896164	3.731087	0.464723	0.132761	-0.492765	0.124035	0.494510	-0.238063
54.618380	1.982476	0.255691	1.864775	-1.383173	1.923898	3.724751	0.540717	0.263942	-0.464867	0.211077	0.553358	-0.069529
54.691319	2.022374	0.275584	1.831527	-1.366058	1.964778	3.721861	0.569354	0.309900	-0.452739	0.242314	0.562566	-0.013478
54.768415	2.070719	0.302625	1.793629	-1.345573	2.011075	3.722066	0.612513	0.354831	-0.476683	0.282388	0.585101	0.022589
54.845288	2.111267	0.326522	1.762492	-1.326741	2.048726	3.724242	0.631175	0.385024	-0.488328	0.311425	0.592389	0.050895
54.920830	2.159480	0.356238	1.725496	-1.302269	2.092713	3.729197	0.622971	0.398903	-0.467207	0.336186	0.556473	0.080906
54.990456	2.197396	0.381261	1.696970	-1.281206	2.126214	3.735085	0.616571	0.415881	-0.453983	0.368254	0.504618	0.109215
55.035884	2.256267	0.424707	1.653773	-1.240337	2.170450	3.749470	0.591016	0.526679	-0.440202	0.511246	0.345845	0.211505
55.069217	2.269364	0.438601	1.643751	-1.226443	2.175684	3.756210	0.514305	0.597164	-0.389296	0.649917	0.129983	0.301462
55.113349	2.279345	0.462076	1.637119	-1.196205	2.161263	3.773020	-0.146452	0.287712	0.117285	0.478037	-0.669847	0.352102
55.197317	2.264360	0.474210	1.647145	-1.173827	2.120612	3.790112	-0.240362	0.125776	0.199852	0.277379	-0.604466	0.244785
55.297234	2.235767	0.483456	1.670280	-1.150172	2.057743	3.813544	-0.330139	0.087338	0.263762	0.239307	-0.700453	0.248041
55.391412	2.216917	0.487740	1.684846	-1.137320	2.020044	3.826396	-0.399387	0.083564	0.317138	0.261170	-0.809557	0.279534
55.468988	2.183252	0.493812	1.711354	-1.116390	1.953256	3.848412	-0.571209	0.082294	0.450868	0.326227	-1.100721	0.362074
55.509547	2.128299	0.499870	1.756210	-1.088120	1.847821	3.881538	-1.242612	0.110692	0.978653	0.617918	-2.317034	0.717532
55.548551	2.078595	0.504125	1.796128	-1.064835	1.757271	3.909813	-1.345027	0.087141	1.075597	0.618463	-2.486097	0.761420
55.606476	1.994911	0.507891	1.862266	-1.027999	1.607448	3.954916	-0.891862	0.027117	0.714092	0.358553	-1.584863	0.470035
55.686102	1.949833	0.507891	1.898018	-1.010900	1.528172	3.978233	-0.603910	0.011919	0.484347	0.237413	-1.067057	0.320467
55.771138	1.912146	0.509177	1.928130	-0.995940	1.460565	3.997814	-0.484704	0.005725	0.401093	0.187854	-0.878883	0.259798
55.852198	1.879800	0.509636	1.953211	-0.983399	1.404131	4.014714	-0.426219	0.001855	0.345029	0.158205	-0.748259	0.221606
55.910734	1.848935	0.509636	1.978164	-0.972000	1.351219	4.030522	-0.395733	0.000000	0.312564	0.141152	-0.682223	0.202117
55.944068	1.834373	0.509636	1.989902	-0.967171	1.327000	4.037431	-0.354981	0.000000	0.282937	0.126827	-0.631131	0.184617
55.977401	1.827360	0.509636	1.994911	-0.965167	1.315142	4.040437	-0.051814	0.000000	0.040906	0.019090	-0.095448	0.027271
56.077401	1.827360	0.509636	1.994911	-0.965167	1.314233	4.040437	0.000000	0.000000	0.000000	0.000000	0.000000	0.000000
56.177401	1.827360	0.509636	1.994911	-0.965167	1.314233	4.040437	0.000000	0.000000	0.000000	0.000000	0.000000	0.000000
56.277401	1.827360	0.509636	1.994911	-0.965167	1.314233	4.040437	0.000000	0.000000	0.000000	0.000000	0.000000	0.000000
56.377401	1.827360	0.509636	1.994911	-0.965167	1.314233	4.040437	0.000000	0.000000	0.000000	0.000000	0.000000	0.000000
56.477401	1.827360	0.509636	1.994911	-0.965167	1.314233	4.040437	0.000000	0.000000	0.000000	0.000000	0.000000	0.000000
56.577401	1.827360	0.509636	1.994911	-0.965167	1.314233	4.040437	0.000000	0.000000	0.000000	0.000000	0.000000	0.000000
56.677401	1.827360	0.509636	1.994911	-0.965167	1.314233	4.040437	0.000000	0.000000	0.000000	0.000000	0.000000	0.000000
56.777401	1.827360	0.509636	1.994911	-0.965167	1.314233	4.040437	0.000000	0.000000	0.000000	0.000000	0.000000	0.000000
56.877401	1.827360	0.509636	1.994911	-0.965167	1.314233	4.040437	0.000000	0.000000	0.000000	0.000000	0.000000	0.000000
56.977401	1.827360	0.509636	1.994911	-0.965167	1.314233	4.040437	0.000000	0.000000	0.000000	0.000000	0.000000	0.000000
57.010734	1.827360	0.509636	1.994911	-0.965167	1.314233	4.040437	0.073731	-0.044880	0.000000	-0.028851	0.012823	-0.041674
57.044068	1.834227	0.505058	1.994911	-0.968028	1.315377	4.036432	0.465488	-0.306778	0.017167	-0.210212	0.089613	-0.282658
57.120380	1.864047	0.485023	1.995837	-0.981303	1.320965	4.018496	0.660365	-0.443184	0.029546	-0.304604	0.129758	-0.405423
57.269406	1.948406	0.427896	2.000475	-1.020472	1.338231	3.966697	0.659826	-0.444479	0.030157	-0.302086	0.129999	-0.400317
57.483808	2.086949	0.333590	2.006431	-1.084315	1.365778	3.881263	0.680054	-0.460316	0.030337	-0.312756	0.134372	-0.416194
57.757900	2.340487	0.162316	2.017601	-1.200787	1.417207	3.724533	0.745018	-0.501773	0.033749	-0.343855	0.145820	-0.459746
58.033287	2.442516	0.093739	2.021782	-1.247620	1.437279	3.661810	0.756091	-0.507916	0.033286	-0.348919	0.148171	-0.465784
58.289221	2.607304	-0.017199	2.028691	-1.323578	1.469495	3.560544	0.795887	-0.534119	0.034168	-0.367739	0.157629	-0.489537
58.421718	2.911209	-0.223402	2.042035	-1.464331	1.530654	3.371976	1.047220	-0.713953	0.044787	-0.482116	0.213396	-0.649408
58.497143	3.029892	-0.303687	2.047271	-1.518436	1.553343	3.300418	1.277322	-0.874688	0.053222	-0.590067	0.254539	-0.793698
58.533645	3.106686	-0.354302	2.050762	-1.553343	1.569051	3.253294	1.506139	-1.004093	0.066940	-0.683739	0.301228	-0.941935
58.566979	3.139847	-0.378736	2.052507	-1.569051	1.576032	3.232350	0.434587	-0.282743	0.015708	-0.120428	0.078540	-0.267035
58.600312	3.145083	-0.378736	2.052507	-1.558579	1.576032	3.227114	0.020944	0.130900	0.010472	0.895354	-0.062832	-0.198968
58.643385	3.145083	-0.370010	2.052507	-1.507964	1.570796	3.214896	0.036468	0.255276	0.024312	1.641058	-0.129664	-0.384939
58.693710	3.145566	-0.366148	2.052990	-1.482379	1.568865	3.208621	0.035050	0.255903	0.023687	1.639609	-0.129206	-0.381272
58.784939	3.150319	-0.335103	2.055998	-1.282817	1.553343	3.160791	0.038263	0.271666	0.024871	1.708434	-0.130093	-0.386454
58.916761	3.153446	-0.310087	2.059125	-1.124901	1.540835	3.123267	0.033597	0.233080	0.021956	1.461068	-0.118499	-0.344545
59.095649	3.155489	-0.295981	2.060608	-1.036561	1.533782	3.102668	0.026619	0.186884	0.017525	1.174392	-0.094767	-0.278337
59.521254	3.166027	-0.232129	2.066470	-0.631809	1.500983	3.007202	0.014353	0.100880	0.008612	0.643828	-0.050030	-0.150910
60.086367	3.171263	-0.188496	2.069960	-0.352557	1.478294	2.940880	0.011118	0.079374	0.007103	0.494463	-0.038606	-0.117053
60.735309	3.176915	-0.153173	2.072786	-0.126495	1.461339	2.887190	0.009900	0.067378	0.005750	0.428194	-0.034272	-0.101279
61.463129	3.183139	-0.102443	2.076714	0.186105	1.436140	2.812560	0.008424	0.060832	0.005708	0.383303	-0.030022	-0.090390
62.201530	3.187931	-0.071668	2.080280	0.382227	1.420196	2.765954	0.008574	0.059585	0.005673	0.377648	-0.029998	-0.088507
62.918637	3.194098	-0.033125	2.083996	0.628900	1.400154	2.708278	0.009005	0.060583	0.005588	0.388432	-0.030900	-0.091543
63.547891	3.200701	0.013846	2.087840	0.928865	1.376250	2.637154	0.009227	0.065575	0.005929	0.416337	-0.033222	-0.098563
64.046104	3.206606	0.055851	2.091777	1.202532	1.353939	2.572179	0.010072	0.070589	0.006043	0.440700	-0.034857	-0.102118
64.412131	3.211034	0.091091	2.094209	1.428571	1.336662	2.518102	0.010795	0.074933	0.006777	0.468024	-0.037578	-0.110675
64.703465	3.213857	0.110179	2.096846	1.551561	1.326599	2.488765	0.010656	0.074414	0.006705	0.472191	-0.038979	-0.112015
64.918473	3.216900	0.126957	2.097886	1.655348	1.317950	2.464340	0.010658	0.073674	0.006719	0.472047	-0.037987	-0.110503
65.038766	3.219538	0.140146	2.099037	1.741393	1.310779	2.444724	0.011175	0.074366	0.007285	0.470123	-0.035501	-0.107459
65.097957	3.220132	0.149226	2.100649	1.777036	1.308997	2.431825	0.007372	0.256041	0.049636	0.417233	0.039807	-0.315260
65.140648	3.220132	0.169232	2.104932	1.790772	1.314685	2.407520	0.000000	0.827801	0.181247	0.277094	0.265435	-0.970134
65.247947	3.220132	0.265290	2.125811	1.811652	1.347394	2.293363	-0.001627	0.842581	0.188686	0.180553	0.291162	-1.001988
65.387703	3.220132	0.373500	2.148500	1.834341	1.384046	2.165954	-0.001249	0.874189	0.192322	0.183580	0.299722	-1.032792
65.513627	3.218696	0.474023	2.170041	1.855882	1.418511	2.045327	-0.001386	0.912047	0.203182	0.192340	0.309835	-1.084649
65.600262	3.218387	0.575994	2.193665	1.878046	1.453681	1.924421	-0.000329	0.966957	0.207831	0.206885	0.331953	-1.162824
65.647213	3.218387	0.644530	2.207942	1.892038	1.475709	1.842463	0.000000	1.008629	0.221256	0.212106	0.353724	-1.228384
65.680546	3.218387	0.674024	2.213841	1.897936	1.485384	1.807070	0.000000	0.452257	0.099811	0.092611	0.156752	-0.539305
65.713879	3.218387	0.678933	2.214823	1.898918	1.488213	1.801180	0.000000	0.022078	0.011083	0.009425	0.010297	-0.017452
65.747213	3.218387	0.677158	2.214823	1.898918	1.487878	1.802955	0.000000	-0.127616	-0.019790	-0.019790	-0.040823	0.160452
65.780546	3.218387	0.661480	2.211332	1.895428	1.481785	1.822124	0.000000	-0.413643	-0.083776	-0.083776	-0.136136	0.471239
65.813879	3.218387	0.645772	2.207842	1.891937	1.476549	1.841322	0.005236	-0.570723	-0.120428	-0.115192	-0.178024	0.659734
65.847213	3.218387	0.623083	2.204351	1.888446	1.469567	1.867502	0.000000	-0.712094	-0.157080	-0.151844	-0.240855	0.869174
65.880546	3.218387	0.598610	2.197825	1.881920	1.461410	1.896869	0.004895	-0.854036	-0.181552	-0.181211	-0.299590	1.016010
65.913879	3.218387	0.565487	2.190388	1.874484	1.448623	1.937315	0.000000	-1.031490	-0.225147	-0.214675	-0.356047	1.240929
65.947213	3.218387	0.532575	2.184404	1.868500	1.438151	1.974716	0.000000	-1.166130	-0.247587	-0.241604	-0.400927	1.393521
65.980546	3.218387	0.487820	2.173589	1.859321	1.423316	2.030036	0.000000	-1.370192	-0.290597	-0.280453	-0.447677	1.605485
66.013879	3.219968	0.442523	2.163451	1.849292	1.408217	2.082309	0.000000	-1.424979	-0.302699	-0.301711	-0.478747	1.708019
66.047213	3.220132	0.397187	2.153701	1.839541	1.392132	2.135606	0.004381	-1.451330	-0.325593	-0.294925	-0.481711	1.713023
66.080546	3.220132	0.352366	2.143804	1.831009	1.377001	2.188675	0.001142	-1.332797	-0.297119	-0.285028	-0.477617	1.642577
66.113879	3.220132	0.310874	2.135017	1.821302	1.363171	2.238573	0.000000	-1.220498	-0.272374	-0.255434	-0.421856	1.474905
66.147213	3.220132	0.276824	2.127480	1.814384	1.352175	2.279097	0.000000	-1.114127	-0.247913	-0.226969	-0.364925	1.306265
66.180546	3.220132	0.244065	2.120125	1.807711	1.340497	2.318529	0.000000	-0.965364	-0.203106	-0.193985	-0.316693	1.127004
66.213879	3.220132	0.215901	2.114188	1.801774	1.330349	2.352630	0.000000	-0.788740	-0.163541	-0.163541	-0.269486	0.954509
66.247213	3.220132	0.195222	2.109776	1.797362	1.323687	2.377029	0.000000	-0.652971	-0.137336	-0.137336	-0.225366	0.792597
66.280546	3.220132	0.173660	2.104867	1.792453	1.316851	2.402446	0.000000	-0.486947	-0.099484	-0.099484	-0.162316	0.570723
66.313879	3.220132	0.155334	2.101376	1.788962	1.310742	2.424262	0.000000	-0.256563	-0.052360	-0.047124	-0.078540	0.308923
66.347213	3.220132	0.150808	2.099868	1.787454	1.309234	2.430297	0.000000	-0.116257	-0.020678	-0.019968	-0.033280	0.141461
66.380546	3.220132	0.149567	2.099631	1.787217	1.308466	2.431775	0.000000	-0.067157	-0.010927	-0.010927	-0.018212	0.084914
66.413879	3.219848	0.146266	2.099441	1.774076	1.308295	2.436120	-0.003558	-0.030712	-0.002135	-0.162391	0.012951	0.053424
66.447213	3.218350	0.135279	2.098443	1.704912	1.313788	2.452600	-0.022285	-0.164795	-0.013371	-1.017078	0.081117	0.251927
66.480546	3.216852	0.124293	2.097444	1.635748	1.319282	2.469079	-0.041012	-0.298878	-0.024607	-1.871765	0.149282	0.450430
66.520588	3.215353	0.113307	2.096445	1.566584	1.324775	2.485559	-0.049729	-0.360419	-0.029837	-2.269636	0.181014	0.540204
66.573768	3.213855	0.102320	2.095446	1.497420	1.330268	2.502038	-0.049183	-0.355430	-0.029510	-2.244696	0.179025	0.531182
66.640266	3.212357	0.091334	2.094448	1.428256	1.335761	2.518518	-0.048719	-0.351452	-0.029231	-2.223529	0.177337	0.524294
66.720257	3.210859	0.080348	2.093449	1.359092	1.341254	2.534997	-0.048305	-0.348044	-0.028983	-2.204632	0.175830	0.518577
66.860559	3.207944	0.060114	2.091505	1.231087	1.351371	2.565348	-0.033139	-0.238599	-0.020291	-1.520123	0.120952	0.358674
67.204954	3.199442	0.000113	2.085837	0.834633	1.383033	2.658671	-0.018579	-0.122486	-0.010111	-0.792147	0.063462	0.190386
67.641642	3.192207	-0.045379	2.082178	0.542797	1.406735	2.727950	-0.014388	-0.099919	-0.008793	-0.637881	0.050359	0.151477
68.114946	3.185891	-0.086435	2.079020	0.290140	1.427264	2.787956	-0.013275	-0.093189	-0.008446	-0.590867	0.047130	0.139758
68.535895	3.181276	-0.123673	2.076054	0.054197	1.446541	2.844305	-0.014926	-0.103647	-0.008598	-0.663068	0.051820	0.157140
68.907974	3.175890	-0.160016	2.072121	-0.176943	1.464414	2.899546	-0.016336	-0.119279	-0.010208	-0.750685	0.059818	0.177780
69.243547	3.170732	-0.192252	2.068822	-0.382530	1.480457	2.947975	-0.017684	-0.132152	-0.011623	-0.830323	0.066935	0.197119
69.516733	3.164311	-0.235391	2.065325	-0.657704	1.502614	3.012095	-0.021512	-0.152556	-0.012998	-0.980156	0.077776	0.233337
69.653957	3.155555	-0.300197	2.059489	-1.061160	1.535890	3.108431	-0.031797	-0.237841	-0.020350	-1.507177	0.120829	0.358670
69.766166	3.154113	-0.312452	2.058768	-1.137575	1.541657	3.126454	-0.035673	-0.267094	-0.022960	-1.685783	0.136844	0.402011
69.846504	3.150208	-0.341936	2.055886	-1.322292	1.556351	3.170632	-0.037672	-0.277339	-0.024776	-1.763647	0.146343	0.420631
69.907424	3.147009	-0.359598	2.054253	-1.434661	1.565199	3.197142	-0.035268	-0.261895	-0.022228	-1.689228	0.139197	0.399807
69.946729	3.145083	-0.371220	2.053661	-1.510611	1.570824	3.214390	-0.032444	-0.258118	-0.017690	-1.663945	0.134216	0.392405
69.980063	3.143474	-0.380209	2.052507	-1.569160	1.575896	3.228450	-0.001636	-0.027979	-0.000818	-0.233981	0.021435	0.059886
70.080063	3.143338	-0.380482	2.052507	-1.570796	1.576032	3.228859	0.000000	0.000000	0.000000	0.000000	0.000000	0.000000
70.180063	3.143338	-0.380482	2.052507	-1.570796	1.576032	3.228859	0.000000	0.000000	0.000000	0.000000	0.000000	0.000000
70.280063	3.143338	-0.380482	2.052507	-1.570796	1.576032	3.228859	0.000000	0.000000	0.000000	0.000000	0.000000	0.000000
70.380063	3.143338	-0.380482	2.052507	-1.570796	1.576032	3.228859	0.000000	0.000000	0.000000	0.000000	0.000000	0.000000
70.480063	3.143338	-0.380482	2.052507	-1.570796	1.576032	3.228859	0.000000	0.000000	0.000000	0.000000	0.000000	0.000000
70.580063	3.143338	-0.380482	2.052507	-1.570796	1.576032	3.228859	0.000000	0.000000	0.000000	0.000000	0.000000	0.000000
70.680063	3.143338	-0.380482	2.052507	-1.570796	1.576032	3.228859	0.000000	0.000000	0.000000	0.000000	0.000000	0.000000
70.780063	3.143338	-0.380482	2.052507	-1.570796	1.576032	3.228859	0.000000	0.000000	0.000000	0.000000	0.000000	0.000000
70.822063	3.143338	-0.380482	2.052507	-1.570796	1.576032	3.228859	0.000000	0.000000	0.000000	0.000000	0.000000	0.000000
