0.000000	3.174754	-0.036652	2.042035	-1.507964	1.595231	4.117232	0.000000	0.000000	0.000000	0.000000	0.000000	0.000000
0.100000	3.174754	-0.036652	2.042035	-1.507964	1.595231	4.117232	0.000000	0.000000	0.000000	0.000000	0.000000	0.000000
0.200000	3.174754	-0.036652	2.042035	-1.507964	1.595231	4.117232	0.000000	0.000000	0.000000	0.000000	0.000000	0.000000
0.300000	3.174754	-0.036652	2.042035	-1.507964	1.595231	4.117232	0.000000	0.000000	0.000000	0.000000	0.000000	0.000000
0.400000	3.174754	-0.036652	2.042035	-1.507964	1.595231	4.117232	0.000000	0.000000	0.000000	0.000000	0.000000	0.000000
0.500000	3.174754	-0.036652	2.042035	-1.507964	1.595231	4.117232	0.000000	0.000000	0.000000	0.000000	0.000000	0.000000
0.600000	3.174754	-0.036652	2.042035	-1.507964	1.595231	4.117232	0.000000	0.000000	0.000000	0.000000	0.000000	0.000000
0.700000	3.174754	-0.036652	2.042035	-1.507964	1.595231	4.117232	0.000000	0.000000	0.000000	0.000000	0.000000	0.000000
0.800000	3.174754	-0.036652	2.042035	-1.507964	1.595231	4.117232	0.000000	0.000000	0.000000	0.000000	0.000000	0.000000
0.900000	3.174754	-0.036652	2.042035	-1.507964	1.595231	4.117232	0.000000	0.000000	0.000000	0.000000	0.000000	0.000000
1.000000	3.174754	-0.036652	2.042035	-1.507964	1.595231	4.117232	0.000000	0.000000	0.000000	0.000000	0.000000	0.000000
1.100000	3.174754	-0.036652	2.042035	-1.507964	1.595231	4.117232	0.000000	0.000000	0.000000	0.000000	0.000000	0.000000
1.200000	3.174754	-0.036652	2.042035	-1.507964	1.595231	4.117232	0.000000	0.000000	0.000000	0.000000	0.000000	0.000000
1.300000	3.174754	-0.036652	2.042035	-1.507964	1.595231	4.117232	0.000000	0.000000	0.000000	0.000000	0.000000	0.000000
1.400000	3.174754	-0.036652	2.042035	-1.507964	1.595231	4.117232	0.000000	0.000000	0.000000	0.000000	0.000000	0.000000
1.500000	3.174754	-0.036652	2.042035	-1.507964	1.595231	4.117232	0.000000	0.000000	0.000000	0.000000	0.000000	0.000000
1.600000	3.174754	-0.036652	2.042035	-1.507964	1.595231	4.117232	0.000000	0.000000	0.000000	0.000000	0.000000	0.000000
1.700000	3.174754	-0.036652	2.042035	-1.507964	1.595231	4.117232	0.000000	0.000000	0.000000	0.000000	0.000000	0.000000
1.800000	3.174754	-0.036652	2.042035	-1.507964	1.595231	4.117232	0.000000	0.000000	0.000000	0.000000	0.000000	0.000000
1.900000	3.174754	-0.036652	2.042035	-1.507964	1.595231	4.117232	0.000000	0.000000	0.000000	0.000000	0.000000	0.000000
2.000000	3.174754	-0.036652	2.042035	-1.507964	1.595231	4.117232	0.000000	0.000000	0.000000	0.000000	0.000000	0.000000
2.100000	3.174754	-0.036652	2.042035	-1.507964	1.595231	4.117232	0.000000	0.000000	0.000000	0.000000	0.000000	0.000000
2.200000	3.174754	-0.036652	2.042035	-1.507964	1.595231	4.117232	0.000000	0.000000	0.000000	0.000000	0.000000	0.000000
2.300000	3.174754	-0.036652	2.042035	-1.507964	1.595231	4.117232	0.000000	0.000000	0.000000	0.000000	0.000000	0.000000
2.400000	3.174754	-0.036652	2.042035	-1.507964	1.595231	4.117232	0.000000	0.000000	0.000000	0.000000	0.000000	0.000000
2.500000	3.174754	-0.036652	2.042035	-1.507964	1.595231	4.117232	0.000000	0.000000	0.000000	0.000000	0.000000	0.000000
2.600000	3.174754	-0.036652	2.042035	-1.507964	1.595231	4.117232	0.000000	0.000000	0.000000	0.000000	0.000000	0.000000
2.700000	3.174754	-0.036652	2.042035	-1.507964	1.595231	4.117232	0.000000	0.000000	0.000000	0.000000	0.000000	0.000000
2.800000	3.174754	-0.036652	2.042035	-1.507964	1.595231	4.117232	0.000000	0.000000	0.000000	0.000000	0.000000	0.000000
2.900000	3.174754	-0.036652	2.042035	-1.507964	1.595231	4.117232	0.000000	0.000000	0.000000	0.000000	0.000000	0.000000
3.000000	3.174754	-0.036652	2.042035	-1.507964	1.595231	4.117232	0.000000	0.000000	0.000000	0.000000	0.000000	0.000000
3.100000	3.174754	-0.036652	2.042035	-1.507964	1.595231	4.117232	0.000000	0.000000	0.000000	0.000000	0.000000	0.000000
3.200000	3.174754	-0.036652	2.042035	-1.507964	1.595231	4.117232	0.000000	0.000000	0.000000	0.000000	0.000000	0.000000
3.300000	3.174754	-0.036652	2.042035	-1.507964	1.595231	4.117232	0.000000	0.000000	0.000000	0.000000	0.000000	0.000000
3.400000	3.174754	-0.036652	2.042035	-1.507964	1.595231	4.117232	0.000000	0.000000	0.000000	0.000000	0.000000	0.000000
3.500000	3.174754	-0.036652	2.042035	-1.507964	1.595231	4.117232	0.000000	0.000000	0.000000	0.000000	0.000000	0.000000
3.600000	3.174754	-0.036652	2.042035	-1.507964	1.595231	4.117232	0.000000	0.000000	0.000000	0.000000	0.000000	0.000000
3.700000	3.174754	-0.036652	2.042035	-1.507964	1.595231	4.117232	0.000000	0.000000	0.000000	0.000000	0.000000	0.000000
3.800000	3.174754	-0.036652	2.042035	-1.507964	1.595231	4.117232	0.000000	0.000000	0.000000	0.000000	0.000000	0.000000
3.900000	3.174754	-0.036652	2.042035	-1.507964	1.595231	4.117232	0.000000	0.000000	0.000000	0.000000	0.000000	0.000000
4.000000	3.174754	-0.036652	2.042035	-1.507964	1.595231	4.117232	0.000000	0.000000	0.000000	0.000000	0.000000	0.000000
4.100000	3.174754	-0.036652	2.042035	-1.507964	1.595231	4.117232	0.000000	0.000000	0.000000	0.000000	0.000000	0.000000
4.200000	3.174754	-0.036652	2.042035	-1.507964	1.595231	4.117232	0.000000	0.000000	0.000000	0.000000	0.000000	0.000000
4.300000	3.174754	-0.036652	2.042035	-1.507964	1.595231	4.117232	0.000000	0.000000	0.000000	0.000000	0.000000	0.000000
4.400000	3.174754	-0.036652	2.042035	-1.507964	1.595231	4.117232	0.000000	0.000000	0.000000	0.000000	0.000000	0.000000
4.500000	3.174754	-0.036652	2.042035	-1.507964	1.595231	4.117232	0.000000	0.000000	0.000000	0.000000	0.000000	0.000000
4.600000	3.174754	-0.036652	2.042035	-1.507964	1.595231	4.117232	0.000000	0.000000	0.000000	0.000000	0.000000	0.000000
4.700000	3.174754	-0.036652	2.042035	-1.507964	1.595231	4.117232	0.000000	0.000000	0.000000	0.000000	0.000000	0.000000
4.800000	3.174754	-0.036652	2.042035	-1.507964	1.595231	4.117232	0.000000	0.000000	0.000000	0.000000	0.000000	0.000000
4.900000	3.174754	-0.036652	2.042035	-1.507964	1.595231	4.117232	0.000000	0.000000	0.000000	0.000000	0.000000	0.000000
5.000000	3.174754	-0.036652	2.042035	-1.507964	1.595231	4.117232	0.000000	0.000000	0.000000	0.000000	0.000000	0.000000
5.100000	3.174754	-0.036652	2.042035	-1.507964	1.595231	4.117232	0.000000	0.000000	0.000000	0.000000	0.000000	0.000000
5.200000	3.174754	-0.036652	2.042035	-1.507964	1.595231	4.117232	0.000000	0.000000	0.000000	0.000000	0.000000	0.000000
5.300000	3.174754	-0.036652	2.042035	-1.507964	1.595231	4.117232	0.000000	0.000000	0.000000	0.000000	0.000000	0.000000
5.400000	3.174754	-0.036652	2.042035	-1.507964	1.595231	4.117232	0.000000	0.000000	0.000000	0.000000	0.000000	0.000000
5.500000	3.174754	-0.036652	2.042035	-1.507964	1.595231	4.117232	0.000000	0.000000	0.000000	0.000000	0.000000	0.000000
5.600000	3.174754	-0.036652	2.042035	-1.507964	1.595231	4.117232	0.000000	0.000000	0.000000	0.000000	0.000000	0.000000
5.700000	3.174754	-0.036652	2.042035	-1.507964	1.595231	4.117232	0.000000	0.000000	0.000000	0.000000	0.000000	0.000000
5.800000	3.174754	-0.036652	2.042035	-1.507964	1.595231	4.117232	0.000000	0.000000	0.000000	0.000000	0.000000	0.000000
5.900000	3.174754	-0.036652	2.042035	-1.507964	1.595231	4.117232	0.000000	0.000000	0.000000	0.000000	0.000000	0.000000
6.000000	3.174754	-0.036652	2.042035	-1.507964	1.595231	4.117232	0.000000	0.000000	0.000000	0.000000	0.000000	0.000000
6.100000	3.174754	-0.036652	2.042035	-1.507964	1.595231	4.117232	0.000000	0.000000	0.000000	0.000000	0.000000	0.000000
6.133333	3.174754	-0.036652	2.042035	-1.507964	1.595231	4.117232	0.000000	-0.007601	0.000000	0.000000	0.000000	-0.022802
6.166667	3.174754	-0.037815	2.042035	-1.507964	1.595231	4.114323	-0.005236	-0.085521	0.001745	-0.012217	-0.003491	-0.228638
6.200000	3.174754	-0.052360	2.042035	-1.511455	1.593486	4.077089	-0.036652	-0.460767	0.015708	-0.083776	-0.020944	-1.214749
6.233333	3.173009	-0.073304	2.042035	-1.514946	1.593486	4.026475	-0.062832	-0.722566	0.026180	-0.125664	-0.031416	-1.853540
6.266667	3.169518	-0.101229	2.043781	-1.520182	1.591740	3.953171	-0.078540	-0.958186	0.031416	-0.172788	-0.047124	-2.476622
6.300000	3.166647	-0.129943	2.043781	-1.524489	1.590305	3.877080	-0.100075	-1.126160	0.035723	-0.207244	-0.055738	-2.928860
6.333333	3.163106	-0.171185	2.045241	-1.532720	1.588535	3.774506	-0.104720	-1.219344	0.036652	-0.223438	-0.061977	-3.105262
6.366667	3.159046	-0.216421	2.047271	-1.541126	1.584759	3.652974	-0.104720	-1.188569	0.041888	-0.219911	-0.062832	-3.125885
6.400000	3.155739	-0.254451	2.048925	-1.547740	1.583105	3.553766	-0.109680	-1.198490	0.041888	-0.219911	-0.062832	-3.160608
6.433333	3.152592	-0.290647	2.049017	-1.554035	1.581532	3.460823	-0.105510	-1.119020	0.037442	-0.211020	-0.053941	-2.886906
6.466667	3.149825	-0.317979	2.050136	-1.559567	1.580149	3.391537	-0.084566	-0.946923	0.029934	-0.175850	-0.042283	-2.418037
6.500000	3.147838	-0.340176	2.050762	-1.563542	1.578787	3.334261	-0.064468	-0.754882	0.023971	-0.137199	-0.034443	-1.933797
6.533333	3.145083	-0.370010	2.052507	-1.569051	1.577778	3.255039	-0.031416	-0.376991	0.010472	-0.062832	-0.015708	-0.968658
6.566667	3.143739	-0.376734	2.052507	-1.570396	1.576433	3.238902	-0.011244	-0.183345	0.006438	-0.030558	-0.003605	-0.472440
6.600000	3.143338	-0.379493	2.052507	-1.570796	1.576032	3.231826	-0.002967	-0.071209	0.002967	-0.011868	0.000000	-0.183957
6.700000	3.143338	-0.380482	2.052507	-1.570796	1.576032	3.228859	0.000000	0.000000	0.000000	0.000000	0.000000	0.000000
6.738928	3.145083	-0.371755	2.052507	-1.570796	1.576032	3.239331	0.031384	0.833921	0.008967	0.062768	0.013450	0.860821
6.797564	3.145596	-0.353315	2.052507	-1.569260	1.576545	3.258283	0.034813	0.855019	0.008574	0.065258	0.016792	0.888602
6.928093	3.149883	-0.235619	2.053525	-1.560470	1.579814	3.379249	0.043234	0.986907	0.009806	0.074322	0.022285	1.026018
7.074927	3.155337	-0.114537	2.054907	-1.551598	1.582577	3.504403	0.052597	1.200674	0.012035	0.089148	0.026893	1.243019
7.199300	3.165252	0.110615	2.056890	-1.534843	1.587435	3.737487	0.072224	1.687024	0.016840	0.127015	0.037172	1.741005
7.306258	3.172057	0.281157	2.058378	-1.522086	1.591264	3.912711	0.073282	1.736225	0.017801	0.131878	0.037680	1.782954
7.374133	3.178530	0.439111	2.060165	-1.510493	1.594162	4.074916	0.078611	1.831988	0.019154	0.136074	0.038309	1.864996
7.407466	3.183481	0.565487	2.061234	-1.500983	1.596976	4.206243	0.031416	0.764454	0.010472	0.057596	0.015708	0.774926
7.440799	3.181897	0.571822	2.061234	-1.502567	1.596976	4.212578	-0.263157	0.070783	0.019974	-0.236977	-0.126827	0.086006
7.506727	3.160864	0.572468	2.062725	-1.520618	1.586541	4.214716	-0.546236	0.009045	0.026418	-0.485512	-0.265948	0.023771
7.622669	3.102613	0.574177	2.064688	-1.571524	1.557415	4.216679	-0.540860	0.025183	-0.004077	-0.463397	-0.252648	0.016527
7.739479	3.048646	0.577231	2.061707	-1.619311	1.531186	4.218224	-0.540883	0.040899	-0.041938	-0.459313	-0.260261	0.008686
7.854613	2.978868	0.584537	2.052693	-1.679601	1.498124	4.218461	-0.538375	0.061765	-0.091535	-0.460935	-0.263801	0.000161
7.968418	2.916445	0.593412	2.040290	-1.733112	1.466077	4.218461	-0.530632	0.082815	-0.138026	-0.457018	-0.266850	-0.007668
8.044017	2.864085	0.602139	2.024582	-1.778491	1.439897	4.216715	-0.517142	0.096964	-0.163916	-0.438647	-0.265497	-0.016161
8.101358	2.855940	0.603884	2.021673	-1.785472	1.435824	4.216134	-0.515406	0.100443	-0.167406	-0.438298	-0.264805	-0.016233
8.201358	2.837905	0.607375	2.014110	-1.801180	1.425934	4.214970	0.000000	0.000000	0.000000	0.000000	0.000000	0.000000
8.301358	2.837905	0.607375	2.014110	-1.801180	1.425934	4.214970	0.000000	0.000000	0.000000	0.000000	0.000000	0.000000
8.401358	2.837905	0.607375	2.014110	-1.801180	1.425934	4.214970	0.000000	0.000000	0.000000	0.000000	0.000000	0.000000
8.501358	2.837905	0.607375	2.014110	-1.801180	1.425934	4.214970	0.000000	0.000000	0.000000	0.000000	0.000000	0.000000
8.601358	2.837905	0.607375	2.014110	-1.801180	1.425934	4.214970	0.000000	0.000000	0.000000	0.000000	0.000000	0.000000
8.701358	2.837905	0.607375	2.014110	-1.801180	1.425934	4.214970	0.000000	0.000000	0.000000	0.000000	0.000000	0.000000
8.801358	2.837905	0.607375	2.014110	-1.801180	1.425934	4.214970	0.000000	0.000000	0.000000	0.000000	0.000000	0.000000
8.901358	2.837905	0.607375	2.014110	-1.801180	1.425934	4.214970	0.000000	0.000000	0.000000	0.000000	0.000000	0.000000
9.001358	2.837905	0.607375	2.014110	-1.801180	1.425934	4.214970	0.000000	0.000000	0.000000	0.000000	0.000000	0.000000
9.101358	2.837905	0.607375	2.014110	-1.801180	1.425934	4.214970	0.000000	0.000000	0.000000	0.000000	0.000000	0.000000
9.134692	2.837905	0.607375	2.014110	-1.801180	1.425934	4.214970	0.000000	-0.050132	0.000000	0.000000	-0.003342	-0.060158
9.168025	2.837905	0.595157	2.014110	-1.799822	1.423219	4.202753	0.000000	-0.681261	-0.048869	0.097739	-0.164061	-0.709186
9.201358	2.837905	0.566669	2.010985	-1.795268	1.416194	4.172181	0.000000	-1.290925	-0.156573	0.225654	-0.331303	-1.459827
9.234692	2.837905	0.485202	1.996657	-1.778491	1.394518	4.075344	0.000000	-2.272419	-0.565487	0.534071	-0.591667	-2.864085
9.268025	2.837905	0.431406	1.977993	-1.765316	1.380246	4.003982	0.000000	-2.549082	-0.950839	0.675696	-0.667420	-3.496458
9.301358	2.837905	0.358345	1.943366	-1.744049	1.360862	3.896099	0.002531	-2.537622	-1.421047	0.819956	-0.681726	-3.945317
9.334692	2.837905	0.294589	1.900177	-1.720923	1.343703	3.788251	0.003605	-2.073707	-1.667705	0.834324	-0.570980	-3.747593
9.368025	2.837905	0.212930	1.813397	-1.680752	1.321214	3.616322	0.000000	-0.806342	-1.251401	0.534071	-0.230383	-2.125811
9.401358	2.837905	0.193732	1.780236	-1.666789	1.315978	3.562217	0.000000	-0.382227	-0.701622	0.277507	-0.099484	-1.125737
9.434692	2.837905	0.187804	1.768381	-1.662344	1.314496	3.544434	0.000000	-0.088813	-0.194817	0.077452	-0.019462	-0.298844
9.468025	2.837905	0.188314	1.764710	-1.661553	1.315796	3.541273	-0.107883	0.066541	-0.067195	0.098175	0.205840	0.017017
9.501358	2.829439	0.192729	1.760295	-1.654498	1.330089	3.542684	-0.382897	0.247875	-0.211000	0.324855	0.725688	0.112853
9.534692	2.810441	0.205060	1.750796	-1.638667	1.364584	3.548682	-0.725432	0.453654	-0.394774	0.619131	1.357011	0.203117
9.568025	2.789734	0.217933	1.739511	-1.620480	1.403477	3.554654	-0.963771	0.609469	-0.524297	0.826239	1.814445	0.264592
9.603867	2.731440	0.254818	1.708677	-1.572542	1.513200	3.569198	-1.378051	0.857021	-0.749894	1.149188	2.546717	0.370077
9.647227	2.677621	0.286773	1.680086	-1.527131	1.610749	3.584335	-1.371868	0.867471	-0.744007	1.151652	2.562893	0.379615
9.693915	2.641540	0.309145	1.660601	-1.496890	1.677928	3.594109	-1.370928	0.854570	-0.742625	1.147583	2.569691	0.378789
9.746305	2.542945	0.371755	1.607448	-1.415462	1.862266	3.619813	-1.285935	0.809539	-0.679613	1.079386	2.381978	0.343138
9.792005	2.479609	0.409414	1.574925	-1.362397	1.975243	3.636931	-1.249421	0.781953	-0.677957	1.031367	2.341086	0.344670
9.835126	2.468367	0.416403	1.568912	-1.353106	1.995960	3.639891	-1.246144	0.779018	-0.676113	1.027612	2.333878	0.343693
9.868799	2.429902	0.440443	1.548237	-1.321373	2.067119	3.649988	-1.234563	0.767725	-0.667358	1.014681	2.303390	0.338755
9.902132	2.391438	0.464484	1.527562	-1.289640	2.138278	3.660085	-0.882184	0.543302	-0.473648	0.720648	1.634450	0.239788
9.935465	2.352973	0.488524	1.506887	-1.257906	2.209438	3.670182	-0.517252	0.311072	-0.273151	0.416297	0.942087	0.137376
9.968799	2.335770	0.498904	1.497752	-1.243194	2.241708	3.674661	-0.257454	0.133796	-0.112072	0.196739	0.434140	0.070519
10.002132	2.323033	0.492183	1.511455	-1.239184	2.241003	3.680899	-0.481711	-0.555015	0.921534	-0.036652	-0.528835	0.251327
10.035465	2.298599	0.466003	1.555088	-1.242674	2.214823	3.693117	-1.000074	-1.052434	1.706932	-0.188496	-1.078613	0.424115
10.068799	2.261947	0.429351	1.612684	-1.251401	2.176426	3.705334	-1.136209	-1.036726	1.685988	-0.319395	-1.136209	0.329867
10.102132	2.223549	0.394444	1.666789	-1.265364	2.136283	3.715806	-1.188569	-0.958186	1.534144	-0.429351	-1.204277	0.251327
10.135465	2.181662	0.363028	1.717404	-1.281072	2.096140	3.722787	-1.288053	-0.947714	1.434661	-0.523599	-1.235693	0.178024
10.168799	2.169863	0.355314	1.729202	-1.286063	2.085250	3.724149	-1.311196	-0.919125	1.406072	-0.550826	-1.242500	0.164410
10.202132	2.089159	0.305433	1.804670	-1.322960	2.012365	3.731514	-1.455605	-0.806342	1.204277	-0.712094	-1.319469	0.083776
10.235465	2.038545	0.279253	1.843068	-1.347394	1.966986	3.733259	-1.565560	-0.712094	1.094321	-0.801106	-1.377065	0.052360
10.268799	2.021997	0.271835	1.853909	-1.355953	1.952151	3.733830	-1.497090	-0.657318	1.000174	-0.770294	-1.305170	0.043801
10.302132	1.959190	0.245975	1.891355	-1.388700	1.897406	3.735005	-0.679981	-0.240507	0.375246	-0.357444	-0.576308	0.012566
10.335465	1.952084	0.243675	1.895025	-1.392370	1.891668	3.735005	-0.354436	-0.119219	0.190107	-0.186884	-0.299660	0.006444
10.435465	1.947787	0.242601	1.897173	-1.394518	1.888446	3.735005	0.000000	0.000000	0.000000	0.000000	0.000000	0.000000
10.468799	1.947787	0.244892	1.900227	-1.392991	1.887683	3.741113	0.000000	0.192423	0.185551	0.125991	-0.064141	0.400881
10.502132	1.947787	0.250726	1.907043	-1.389102	1.885738	3.754745	0.000000	0.335825	0.321561	0.218647	-0.110497	0.693857
10.602132	1.947787	0.258309	1.914626	-1.384046	1.881465	3.769911	0.000000	0.000000	0.000000	0.000000	0.000000	0.000000
10.702132	1.947787	0.258309	1.914626	-1.384046	1.881465	3.769911	0.000000	0.000000	0.000000	0.000000	0.000000	0.000000
10.802132	1.947787	0.258309	1.914626	-1.384046	1.881465	3.769911	0.000000	0.000000	0.000000	0.000000	0.000000	0.000000
10.902132	1.947787	0.258309	1.914626	-1.384046	1.881465	3.769911	0.000000	0.000000	0.000000	0.000000	0.000000	0.000000
11.002132	1.947787	0.258309	1.914626	-1.384046	1.881465	3.769911	0.000000	0.000000	0.000000	0.000000	0.000000	0.000000
11.102132	1.947787	0.258309	1.914626	-1.384046	1.881465	3.769911	0.000000	0.000000	0.000000	0.000000	0.000000	0.000000
11.202132	1.947787	0.258309	1.914626	-1.384046	1.881465	3.769911	0.000000	0.000000	0.000000	0.000000	0.000000	0.000000
11.302132	1.947787	0.258309	1.914626	-1.384046	1.881465	3.769911	0.000000	0.000000	0.000000	0.000000	0.000000	0.000000
11.402132	1.947787	0.258309	1.914626	-1.384046	1.881465	3.769911	0.000000	0.000000	0.000000	0.000000	0.000000	0.000000
11.502132	1.947787	0.258309	1.914626	-1.384046	1.882286	3.769911	0.000000	0.000000	0.000000	0.000000	0.000000	0.000000
11.535465	1.956626	0.262096	1.910207	-1.378996	1.890786	3.769911	0.789747	0.289763	-0.386351	0.446955	0.662857	0.030302
11.591401	1.997155	0.278754	1.887948	-1.356121	1.924600	3.770909	1.358195	0.546042	-0.733702	0.765795	1.140224	0.046358
11.655107	2.138028	0.347321	1.792453	-1.277581	2.043781	3.773402	1.191753	0.715052	-1.010935	0.627383	1.049291	-0.002740
11.718429	2.154542	0.358195	1.775940	-1.269123	2.059086	3.772999	1.173532	0.732106	-1.056498	0.604470	1.046108	-0.021838
11.751763	2.232615	0.411413	1.695442	-1.231233	2.130708	3.769232	0.639226	0.464112	-0.685913	0.299178	0.588757	-0.056869
11.785096	2.244982	0.414411	1.687594	-1.230318	2.131955	3.764815	0.228289	-0.377829	0.223053	-0.244626	-0.519411	-0.214885
11.818429	2.258701	0.388106	1.701941	-1.246931	2.096967	3.750468	0.707685	-1.220721	0.705848	-0.752697	-1.634088	-0.659551
11.872800	2.290745	0.332333	1.733985	-1.280199	2.023216	3.721725	0.756523	-1.325747	0.756523	-0.792671	-1.762103	-0.697765
11.963788	2.368843	0.194766	1.812083	-1.363878	1.839965	3.649742	0.744832	-1.296540	0.721766	-0.778175	-1.711867	-0.671395
12.070064	2.436480	0.076794	1.879720	-1.434661	1.684243	3.588397	0.762011	-1.333520	0.771865	-0.811279	-1.786785	-0.679898
12.171502	2.468760	0.021648	1.911328	-1.467614	1.610939	3.558806	0.797023	-1.389818	0.798728	-0.841348	-1.849449	-0.716298
12.245574	2.562424	-0.141403	2.003919	-1.564407	1.395266	3.473548	0.962246	-1.656886	0.937421	-0.994519	-2.187765	-0.866059
12.292747	2.621988	-0.246293	2.063483	-1.627352	1.257342	3.418798	1.131216	-1.977974	1.124386	-1.174404	-2.616333	-1.024491
12.326080	2.662046	-0.315625	2.102773	-1.669722	1.165670	3.382588	1.099556	-1.946948	1.126993	-1.158409	-2.584691	-1.010964
12.359414	2.700024	-0.382227	2.141519	-1.708677	1.076868	3.347542	0.287979	-0.460767	0.272271	-0.240855	-0.623083	-0.246091
12.392747	2.702625	-0.384828	2.142819	-1.703476	1.072967	3.343640	0.112419	-0.039422	0.069402	0.523807	-0.080796	-0.203177
12.426080	2.706390	-0.379968	2.143264	-1.662888	1.077381	3.332244	0.125664	0.259951	-0.008624	1.820276	0.259951	-0.451527
12.459414	2.710648	-0.370237	2.143264	-1.592651	1.087112	3.314304	0.188723	0.431627	-0.021399	2.934429	0.413415	-0.737363
12.492747	2.718451	-0.351617	2.142022	-1.472420	1.104491	3.283803	0.276501	0.615128	-0.029906	4.204099	0.581497	-1.053844
12.531953	2.728507	-0.330498	2.140442	-1.328047	1.124029	3.247315	0.304896	0.661509	-0.032204	4.536697	0.635840	-1.124300
12.576915	2.741947	-0.301429	2.138679	-1.127174	1.152431	3.196656	0.334971	0.721394	-0.035925	4.892285	0.689808	-1.226782
12.622873	2.756602	-0.268926	2.137083	-0.909171	1.183042	3.141520	0.377874	0.810973	-0.042091	5.530437	0.775052	-1.401994
12.687458	2.783800	-0.211185	2.134538	-0.516617	1.237438	3.040364	0.294557	0.632352	-0.035131	4.307562	0.602626	-1.089051
12.775473	2.799399	-0.177151	2.131702	-0.289724	1.270054	2.983640	0.212923	0.459184	-0.025779	3.173764	0.435760	-0.805587
12.896085	2.813916	-0.146471	2.130055	-0.079566	1.299415	2.929860	0.154835	0.338385	-0.017989	2.315721	0.320197	-0.586485
13.056645	2.829493	-0.113237	2.128638	0.146259	1.330569	2.872463	0.115899	0.256952	-0.013044	1.734443	0.241582	-0.437921
13.245567	2.858849	-0.047124	2.124066	0.598648	1.394518	2.757620	0.101622	0.214330	-0.011086	1.456891	0.205092	-0.366763
13.430455	2.864757	-0.034772	2.123529	0.679739	1.405796	2.737213	0.099482	0.212906	-0.011037	1.441038	0.202885	-0.364017
13.565195	2.892011	0.024435	2.120575	1.089085	1.462586	2.633702	0.103627	0.224093	-0.011658	1.533677	0.216321	-0.383419
13.675218	2.902311	0.045035	2.119288	1.225565	1.481899	2.598938	0.109353	0.229966	-0.011936	1.597355	0.222788	-0.396998
13.760385	2.910804	0.062988	2.117864	1.353316	1.499394	2.566288	0.112784	0.241487	-0.010942	1.658864	0.229886	-0.412603
13.820704	2.917658	0.078214	2.117084	1.460101	1.513881	2.539572	0.115153	0.255562	-0.010348	1.729201	0.242664	-0.434029
13.858092	2.922807	0.090082	2.117084	1.537579	1.524742	2.520424	0.117455	0.258551	-0.010993	1.779437	0.253883	-0.452652
13.903658	2.930408	0.139626	2.148500	1.600467	1.534144	2.431244	0.103419	1.712165	1.210390	0.275785	0.026812	-2.876591
13.951123	2.931596	0.167552	2.165137	1.604032	1.534739	2.386682	0.096777	1.714995	1.076830	0.232202	0.031998	-2.763973
14.005633	2.936461	0.268632	2.216160	1.614355	1.536744	2.234579	0.081614	1.740664	0.681251	0.148853	0.054091	-2.421984
14.065888	2.940850	0.369980	2.247777	1.622210	1.540209	2.101613	0.075311	1.784197	0.400170	0.131868	0.075115	-2.168657
14.128028	2.944742	0.471387	2.264435	1.629469	1.544988	1.983548	0.071890	1.860894	0.190631	0.117904	0.091073	-2.031387
14.187486	2.950530	0.603337	2.268894	1.637187	1.551666	1.847140	0.074882	1.998858	-0.052147	0.106999	0.107172	-1.952869
14.225421	2.953097	0.675746	2.266044	1.641179	1.555657	1.777580	0.080615	2.097681	-0.181133	0.105419	0.114721	-1.945753
14.258754	2.953097	0.701622	2.263692	1.642355	1.556834	1.754056	0.000000	-0.013199	-0.016144	0.000000	0.000000	0.008181
14.292087	2.953097	0.701622	2.263692	1.642355	1.556834	1.754056	0.000000	-0.004189	-0.002094	0.000000	0.000000	0.000000
14.392087	2.953097	0.701622	2.263692	1.642355	1.556834	1.754056	0.000000	0.000000	0.000000	0.000000	0.000000	0.000000
14.492087	2.953097	0.701622	2.263692	1.642355	1.556834	1.754056	0.000000	0.000000	0.000000	0.000000	0.000000	0.000000
14.592087	2.953097	0.701622	2.263692	1.642355	1.556834	1.754056	0.000000	0.000000	0.000000	0.000000	0.000000	0.000000
14.692087	2.953097	0.701622	2.263692	1.642355	1.556834	1.754056	0.000000	0.000000	0.000000	0.000000	0.000000	0.000000
14.792087	2.953097	0.701622	2.263692	1.642355	1.556834	1.754056	0.000000	0.000000	0.000000	0.000000	0.000000	0.000000
14.892087	2.953097	0.701622	2.263692	1.642355	1.556834	1.754056	0.000000	0.000000	0.000000	0.000000	0.000000	0.000000
14.992087	2.953097	0.701622	2.263692	1.642355	1.556834	1.754056	0.000000	0.000000	0.000000	0.000000	0.000000	0.000000
15.092087	2.953097	0.701622	2.263692	1.642355	1.556834	1.754056	0.000000	0.000000	0.000000	0.000000	0.000000	0.000000
15.192087	2.953097	0.701622	2.263692	1.642355	1.556834	1.754056	0.000000	0.000000	0.000000	0.000000	0.000000	0.000000
15.292087	2.953097	0.701622	2.263692	1.642355	1.556834	1.754056	0.000000	0.000000	0.000000	0.000000	0.000000	0.000000
15.392087	2.953097	0.701622	2.263692	1.642355	1.556834	1.754056	0.000000	0.000000	0.000000	0.000000	0.000000	0.000000
15.492087	2.953097	0.701622	2.263692	1.642355	1.556834	1.754056	0.000000	0.000000	0.000000	0.000000	0.000000	0.000000
15.592087	2.953097	0.701622	2.263692	1.642355	1.556834	1.754056	0.000000	0.000000	0.000000	0.000000	0.000000	0.000000
15.692087	2.953097	0.701622	2.263692	1.642355	1.556834	1.754056	0.000000	0.000000	0.000000	0.000000	0.000000	0.000000
15.725421	2.953097	0.697909	2.263692	1.642355	1.556834	1.757769	0.000000	-0.327529	0.042334	-0.002228	-0.017825	0.289651
15.758754	2.953097	0.666260	2.266765	1.641330	1.554785	1.786345	0.000000	-1.415085	0.136363	-0.020603	-0.094134	1.292267
15.792087	2.953097	0.597484	2.271255	1.640609	1.551016	1.849467	0.000000	-2.151992	0.089012	-0.038397	-0.144862	2.092651
15.825421	2.953097	0.513054	2.271037	1.637846	1.545707	1.933534	0.000000	-2.251911	-0.084431	-0.054323	-0.151844	2.319106
15.858754	2.953097	0.439823	2.266559	1.635748	1.540502	2.012614	0.000000	-2.142267	-0.243848	-0.069938	-0.151844	2.391725
15.892087	2.953097	0.378038	2.257374	1.634222	1.535925	2.083958	0.000000	-2.066958	-0.388092	-0.083671	-0.148388	2.456935
15.925421	2.953097	0.308984	2.240972	1.631179	1.530470	2.169414	0.000000	-1.950175	-0.551616	-0.096361	-0.142933	2.492881
15.958754	2.953097	0.253571	2.222338	1.627039	1.525810	2.243461	0.000000	-1.821269	-0.683670	-0.108780	-0.132075	2.494467
15.992087	2.953097	0.206530	2.202715	1.623520	1.522291	2.310125	0.000000	-1.680533	-0.795325	-0.119337	-0.121519	2.479895
16.025421	2.953097	0.154462	2.175117	1.620102	1.518218	2.389792	0.000000	-1.436624	-0.878337	-0.121737	-0.105374	2.329359
16.058754	2.953097	0.112384	2.146110	1.616478	1.514225	2.460156	0.000000	-0.927679	-0.688076	-0.087077	-0.067385	1.614844
16.092087	2.953097	0.093061	2.130593	1.614430	1.513200	2.494704	0.000000	-0.288502	-0.236876	-0.027332	-0.021258	0.528415
16.192087	2.953097	0.089012	2.127556	1.614430	1.513200	2.502293	0.000000	0.000000	0.000000	0.000000	0.000000	0.000000
16.225421	2.953097	0.089012	2.127556	1.614430	1.513200	2.501057	0.000000	0.001913	0.000000	0.000000	0.000000	0.000000
16.258754	2.953097	0.090757	2.127556	1.614430	1.513200	2.501057	0.000000	0.005236	0.000000	0.000000	0.000000	0.000000
16.292087	2.953097	0.090757	2.127556	1.614430	1.513200	2.501057	0.000000	0.003073	0.000000	0.000000	0.000000	0.000000
16.392087	2.953097	0.090757	2.127556	1.614430	1.513200	2.501057	0.000000	0.000000	0.000000	0.000000	0.000000	0.000000
16.492087	2.953097	0.090757	2.127556	1.614430	1.513200	2.501057	0.000000	0.000000	0.000000	0.000000	0.000000	0.000000
16.525421	2.953097	0.090757	2.127556	1.614430	1.513200	2.501057	0.000000	0.007210	0.000000	-0.032446	0.000000	0.018026
16.558754	2.953097	0.090757	2.127556	1.612018	1.513200	2.502866	-0.016279	0.024942	-0.001809	-0.159270	0.016279	0.102150
16.592087	2.951886	0.091968	2.127556	1.599576	1.514412	2.511137	-0.076189	0.083242	-0.010686	-0.582477	0.076189	0.367801
16.625421	2.947102	0.096752	2.126722	1.563891	1.519195	2.532776	-0.173471	0.183942	-0.030961	-1.302167	0.163454	0.782211
16.658754	2.939610	0.104244	2.124859	1.505902	1.526687	2.568331	-0.262752	0.273224	-0.050456	-1.954453	0.244664	1.192854
16.692087	2.926879	0.116975	2.122814	1.415196	1.538166	2.624141	-0.358551	0.361511	-0.068865	-2.700177	0.342844	1.678363
16.725421	2.911743	0.132111	2.119400	1.301944	1.551348	2.694432	-0.465469	0.469850	-0.082066	-3.403713	0.423474	2.077192
16.758754	2.896859	0.148256	2.116309	1.192544	1.565948	2.761984	-0.538434	0.539889	-0.095120	-3.918848	0.498874	2.433572
16.792087	2.882795	0.162804	2.113664	1.085944	1.579174	2.827364	-0.597950	0.610516	-0.114563	-4.390482	0.561298	2.743449
16.825421	2.848377	0.197222	2.106612	0.839503	1.609194	2.979277	-0.733038	0.727802	-0.136136	-5.398303	0.670206	3.324852
16.862499	2.828894	0.216705	2.104015	0.697928	1.627378	3.067599	-0.701032	0.727852	-0.136397	-5.276901	0.655056	3.223721
16.908263	2.804004	0.241596	2.099710	0.513946	1.650685	3.180968	-0.607026	0.627598	-0.114413	-4.572373	0.567733	2.816417
16.958360	2.784847	0.261307	2.095668	0.372823	1.668124	3.268057	-0.572302	0.589558	-0.105624	-4.275360	0.532873	2.655182
17.095300	2.741144	0.307667	2.086506	0.044820	1.709445	3.471181	-0.209634	0.211061	-0.039510	-1.540645	0.198622	0.951611
17.255190	2.727764	0.321326	2.083997	-0.054143	1.721712	3.532510	-0.173794	0.175187	-0.032794	-1.285697	0.165758	0.792535
17.421647	2.684316	0.364774	2.075196	-0.375246	1.762783	3.731514	-0.140501	0.142598	-0.026213	-1.038026	0.128967	0.643786
17.572180	2.661627	0.387463	2.071706	-0.539307	1.781981	3.832743	-0.135654	0.137973	-0.024348	-1.011030	0.127538	0.619140
17.716545	2.655228	0.393863	2.070542	-0.586431	1.788381	3.861832	-0.134598	0.137419	-0.024179	-1.008279	0.125330	0.615768
17.836674	2.635954	0.413136	2.066920	-0.726001	1.806360	3.947850	-0.137742	0.142101	-0.025074	-1.034449	0.126822	0.634369
17.914980	2.612758	0.438078	2.061234	-0.902335	1.827360	4.057891	-0.149333	0.158248	-0.028975	-1.141170	0.140417	0.715460
17.973184	2.600541	0.448550	2.059489	-0.982620	1.837832	4.106760	-0.155931	0.161929	-0.029987	-1.169486	0.152933	0.740674
18.013565	2.593559	0.457276	2.057743	-1.040216	1.844813	4.143412	-0.155594	0.159916	-0.025932	-1.179924	0.146950	0.734751
18.046899	2.588323	0.462512	2.057743	-1.078613	1.850049	4.166101	-0.104720	0.104720	-0.015708	-0.806342	0.104720	0.497419
18.080232	2.586578	0.464258	2.055998	-1.096067	1.851794	4.176573	-0.031416	0.041888	0.000000	-0.267035	0.031416	0.167552
18.113565	2.576525	0.464258	2.057673	-1.099418	1.851794	4.179924	-0.659736	-0.038537	0.140744	-0.070999	-0.089222	0.056967
18.146899	2.543084	0.462757	2.065248	-1.102559	1.847291	4.181565	-1.545980	-0.091420	0.281697	-0.152891	-0.229337	0.065869
18.180232	2.479039	0.459424	2.074190	-1.110768	1.837295	4.183353	-2.056536	-0.062429	0.248105	-0.278716	-0.306910	0.017118
18.213565	2.409698	0.459022	2.079710	-1.122307	1.827059	4.183554	-2.154519	-0.007944	0.109955	-0.374464	-0.318673	-0.052721
18.246899	2.341738	0.460405	2.080432	-1.133674	1.815933	4.180788	-2.199806	0.087135	-0.027168	-0.420657	-0.315246	-0.125071
18.280232	2.280906	0.463950	2.077250	-1.145757	1.808093	4.175820	-2.225500	0.160878	-0.159441	-0.461178	-0.301429	-0.189112
18.313565	2.217942	0.469902	2.070518	-1.159716	1.799991	4.169183	-2.238106	0.235842	-0.300011	-0.486390	-0.281518	-0.257343
18.347703	2.101376	0.485202	2.049017	-1.186824	1.785472	4.153884	-2.213785	0.368112	-0.567506	-0.480591	-0.224957	-0.347661
18.382241	2.080461	0.489093	2.042693	-1.191202	1.783526	4.149992	-2.172589	0.389187	-0.608799	-0.476419	-0.209671	-0.363341
18.415574	1.960005	0.514872	2.000147	-1.216494	1.773255	4.125958	-1.507964	0.403171	-0.649262	-0.314159	-0.094248	-0.335103
18.448908	1.927913	0.523317	1.986635	-1.223251	1.771565	4.117513	-0.489478	0.139682	-0.238828	-0.101341	-0.023308	-0.122285
18.548908	1.923353	0.525344	1.984439	-1.225221	1.771509	4.115486	0.000000	0.000000	0.000000	0.000000	0.000000	0.000000
18.648908	1.923353	0.525344	1.984439	-1.225221	1.771509	4.115486	0.000000	0.000000	0.000000	0.000000	0.000000	0.000000
18.748908	1.923353	0.525344	1.984439	-1.225221	1.771509	4.115486	0.000000	0.000000	0.000000	0.000000	0.000000	0.000000
18.848908	1.923353	0.525344	1.984439	-1.225221	1.771509	4.115486	0.000000	0.000000	0.000000	0.000000	0.000000	0.000000
18.948908	1.923353	0.525344	1.984439	-1.225221	1.771509	4.115486	0.000000	0.000000	0.000000	0.000000	0.000000	0.000000
19.048908	1.923353	0.525344	1.984439	-1.225221	1.771509	4.115486	0.000000	0.000000	0.000000	0.000000	0.000000	0.000000
19.148908	1.923353	0.525344	1.984439	-1.225221	1.771509	4.115486	0.000000	0.000000	0.000000	0.000000	0.000000	0.000000
19.248908	1.923353	0.525344	1.984439	-1.225221	1.771509	4.115486	0.000000	0.000000	0.000000	0.000000	0.000000	0.000000
19.348908	1.923353	0.525344	1.984439	-1.225221	1.771509	4.115486	0.000000	0.000000	0.000000	0.000000	0.000000	0.000000
19.448908	1.923353	0.525344	1.984439	-1.225221	1.771509	4.115486	0.000000	0.000000	0.000000	0.000000	0.000000	0.000000
19.548908	1.923353	0.525344	1.984439	-1.225221	1.771509	4.115486	0.000000	0.000000	0.000000	0.000000	0.000000	0.000000
19.648908	1.923353	0.525344	1.984439	-1.225221	1.771509	4.115486	0.000000	0.000000	0.000000	0.000000	0.000000	0.000000
19.748908	1.923353	0.525344	1.984439	-1.225221	1.771509	4.115486	0.000000	0.000000	0.000000	0.000000	0.000000	0.000000
19.848908	1.923353	0.525344	1.984439	-1.225221	1.771509	4.115486	0.000000	0.000000	0.000000	0.000000	0.000000	0.000000
19.948908	1.923353	0.525344	1.984439	-1.225221	1.771509	4.115486	0.000000	0.000000	0.000000	0.000000	0.000000	0.000000
20.048908	1.923353	0.525344	1.984439	-1.225221	1.771509	4.115486	0.000000	0.000000	0.000000	0.000000	0.000000	0.000000
20.148908	1.923353	0.525344	1.984439	-1.225221	1.771509	4.115486	0.000000	0.000000	0.000000	0.000000	0.000000	0.000000
20.248908	1.923353	0.525344	1.984439	-1.225221	1.771509	4.115486	0.000000	0.000000	0.000000	0.000000	0.000000	0.000000
20.348908	1.923353	0.525344	1.984439	-1.225221	1.771509	4.115486	0.000000	0.000000	0.000000	0.000000	0.000000	0.000000
20.448908	1.923353	0.525344	1.984439	-1.225221	1.771509	4.115486	0.000000	0.000000	0.000000	0.000000	0.000000	0.000000
20.548908	1.923353	0.525344	1.984439	-1.225221	1.771509	4.115486	0.000000	0.000000	0.000000	0.000000	0.000000	0.000000
20.648908	1.923353	0.525344	1.984439	-1.225221	1.771509	4.115486	0.000000	0.000000	0.000000	0.000000	0.000000	0.000000
20.748908	1.923353	0.525344	1.984439	-1.225221	1.771509	4.115486	0.000000	0.000000	0.000000	0.000000	0.000000	0.000000
20.848908	1.923353	0.525344	1.984439	-1.225221	1.771509	4.115486	0.000000	0.000000	0.000000	0.000000	0.000000	0.000000
20.948908	1.923353	0.525344	1.984439	-1.225221	1.771509	4.115486	0.000000	0.000000	0.000000	0.000000	0.000000	0.000000
21.048908	1.923353	0.525344	1.984439	-1.225221	1.771509	4.115486	0.000000	0.000000	0.000000	0.000000	0.000000	0.000000
21.148908	1.923353	0.525344	1.984439	-1.225221	1.771509	4.115486	0.000000	0.000000	0.000000	0.000000	0.000000	0.000000
21.248908	1.923353	0.525344	1.984439	-1.225221	1.771509	4.115486	0.000000	0.000000	0.000000	0.000000	0.000000	0.000000
21.348908	1.923353	0.525344	1.984439	-1.225221	1.771509	4.115486	0.000000	0.000000	0.000000	0.000000	0.000000	0.000000
21.382241	1.923353	0.524453	1.983548	-1.225221	1.772400	4.114595	0.024063	-0.152401	-0.042779	-0.010695	0.082885	-0.184486
21.415574	1.925749	0.513216	1.979499	-1.226020	1.778845	4.100962	0.109423	-0.621929	-0.196394	-0.068867	0.339630	-0.759041
21.448908	1.931928	0.482546	1.969035	-1.230305	1.795489	4.062444	0.188268	-1.020335	-0.374942	-0.153210	0.579829	-1.305582
21.482241	1.937157	0.452199	1.956990	-1.235534	1.812762	4.022667	0.136611	-0.722565	-0.307495	-0.130899	0.429350	-0.978176
21.515574	1.940712	0.436521	1.949627	-1.237438	1.822029	4.000578	0.003679	-0.018680	-0.009057	-0.003679	0.011321	-0.026322
21.615574	1.940806	0.436332	1.949533	-1.237438	1.822124	4.000295	0.000000	0.000000	0.000000	0.000000	0.000000	0.000000
21.715574	1.940806	0.436332	1.949533	-1.237438	1.822124	4.000295	0.000000	0.000000	0.000000	0.000000	0.000000	0.000000
21.815574	1.940806	0.436332	1.949533	-1.237438	1.822124	4.000295	0.000000	0.000000	0.000000	0.000000	0.000000	0.000000
21.915574	1.940806	0.436332	1.949533	-1.237438	1.822124	4.000295	0.000000	0.000000	0.000000	0.000000	0.000000	0.000000
22.015574	1.940806	0.436332	1.949533	-1.237438	1.822124	4.000295	0.000000	0.000000	0.000000	0.000000	0.000000	0.000000
22.115574	1.940806	0.436332	1.949533	-1.237438	1.822124	4.000295	0.000000	0.000000	0.000000	0.000000	0.000000	0.000000
22.215574	1.940806	0.436332	1.949533	-1.237438	1.822124	4.000295	0.000000	0.000000	0.000000	0.000000	0.000000	0.000000
22.315574	1.940806	0.436332	1.949533	-1.237438	1.822124	4.000295	0.000000	0.000000	0.000000	0.000000	0.000000	0.000000
22.415574	1.940806	0.436332	1.949533	-1.237438	1.822124	4.000295	0.000000	0.000000	0.000000	0.000000	0.000000	0.000000
22.515574	1.940806	0.436332	1.949533	-1.237438	1.822124	4.000295	0.000000	0.000000	0.000000	0.000000	0.000000	0.000000
22.615574	1.940806	0.436332	1.949533	-1.237438	1.822124	4.000295	0.000000	0.000000	0.000000	0.000000	0.000000	0.000000
22.715574	1.940806	0.436332	1.949533	-1.237438	1.822124	4.000295	0.000000	0.000000	0.000000	0.000000	0.000000	0.000000
22.815574	1.940806	0.436332	1.949533	-1.237438	1.822124	4.000295	0.000000	0.000000	0.000000	0.000000	0.000000	0.000000
22.915574	1.940806	0.436332	1.949533	-1.237438	1.822124	4.000295	0.000000	0.000000	0.000000	0.000000	0.000000	0.000000
22.948908	1.943846	0.431772	1.946493	-1.229838	1.819083	3.994214	0.214338	-0.323787	-0.186975	0.560926	-0.191536	-0.451477
22.982241	1.948530	0.424746	1.941809	-1.216717	1.814400	3.984141	0.313825	-0.450072	-0.278176	0.809128	-0.277062	-0.613614
23.015574	1.962054	0.404461	1.929196	-1.180829	1.801787	3.957876	0.402716	-0.551828	-0.385414	1.038774	-0.366747	-0.702078
23.048908	1.973650	0.387886	1.917614	-1.151018	1.791025	3.939631	0.299244	-0.406503	-0.348748	0.799995	-0.305353	-0.406106
23.082241	1.979957	0.379728	1.907367	-1.133195	1.783211	3.935995	0.076160	-0.096032	-0.266083	0.277745	-0.173858	0.245140
23.115574	1.978377	0.381952	1.899837	-1.133086	1.779593	3.954457	-0.147986	0.213574	-0.234242	-0.233415	-0.084051	0.972241
23.148908	1.969028	0.393813	1.892605	-1.148872	1.777785	3.998772	-0.322069	0.452078	-0.221805	-0.620075	-0.034312	1.526235
23.182241	1.957239	0.409374	1.886755	-1.171411	1.777309	4.048573	-0.415012	0.578698	-0.166665	-0.825997	0.035524	1.741731
23.215574	1.933825	0.445059	1.881465	-1.221730	1.783726	4.143412	-0.397935	0.649262	0.005236	-0.905826	0.235619	1.455605
23.248908	1.923547	0.461210	1.882933	-1.245223	1.792536	4.177182	-0.301028	0.578784	0.163812	-0.760465	0.345742	0.984282
23.282241	1.917419	0.474730	1.889493	-1.262222	1.803623	4.194026	-0.216770	0.562345	0.353953	-0.698481	0.526740	0.515221
23.315574	1.912554	0.490001	1.901973	-1.280272	1.820269	4.201698	-0.162425	0.595485	0.554033	-0.692023	0.745474	0.133299
23.348908	1.907279	0.511804	1.924479	-1.304887	1.848754	4.199938	-0.129717	0.634483	0.740723	-0.710996	0.943745	-0.178953
23.382241	1.902409	0.544543	1.965241	-1.340413	1.898918	4.180064	-0.057596	0.502655	0.769690	-0.555015	0.863938	-0.586431
23.415574	1.900664	0.556760	1.989675	-1.354375	1.923353	4.157374	0.000000	0.261799	0.612611	-0.293215	0.591667	-0.748746
23.448908	1.901803	0.559039	1.999929	-1.357793	1.931328	4.139145	0.051269	0.049887	0.472475	-0.088139	0.297724	-0.933315
23.482241	1.903969	0.556352	2.010842	-1.356492	1.935570	4.109173	0.127669	-0.219578	0.372201	0.187048	-0.010695	-1.305210
23.515574	1.909059	0.544573	2.021392	-1.346311	1.931147	4.061953	0.215037	-0.508433	0.310007	0.483697	-0.295653	-1.755952
23.548908	1.923353	0.507891	2.035054	-1.310742	1.905900	3.956661	0.308923	-0.806342	0.151844	0.795870	-0.623083	-2.021091
23.582241	1.932451	0.483628	2.038087	-1.286479	1.886186	3.899037	0.313473	-0.842737	0.051759	0.859561	-0.659477	-1.907358
23.615574	1.944297	0.452040	2.038545	-1.253146	1.862266	3.834488	0.298451	-0.743510	-0.083776	0.837758	-0.633555	-1.460841
23.648908	1.951396	0.433581	2.032865	-1.233267	1.845227	3.803250	0.260113	-0.628496	-0.207310	0.731263	-0.531319	-0.919847
23.682241	1.959559	0.414646	2.021760	-1.209105	1.828251	3.784654	0.192506	-0.401165	-0.431691	0.569608	-0.360837	-0.036094
23.715574	1.965319	0.404343	2.006477	-1.191825	1.819388	3.791845	0.200452	-0.359564	-0.648325	0.628006	-0.342840	0.486010
23.748908	1.970040	0.394299	1.986621	-1.174607	1.809761	3.810636	0.188932	-0.317213	-0.779290	0.630936	-0.328122	0.859576
23.782241	1.976010	0.384158	1.955511	-1.151992	1.797095	3.850048	0.136358	-0.217460	-0.831074	0.526941	-0.281518	1.168740
23.815574	1.980406	0.377806	1.925680	-1.136364	1.788303	3.894567	0.045262	-0.069115	-0.691034	0.288794	-0.200713	1.229643
23.848908	1.980949	0.378565	1.905865	-1.131316	1.782494	3.935444	-0.081928	0.118169	-0.419392	-0.046200	-0.112933	1.145449
23.882241	1.975276	0.384409	1.894228	-1.138064	1.779145	3.974660	-0.230384	0.310560	-0.324631	-0.372083	-0.074940	1.395718
23.915574	1.964194	0.400379	1.883792	-1.159248	1.776862	4.031711	-0.354651	0.472984	-0.206298	-0.649961	-0.014312	1.626647
23.948908	1.952801	0.414794	1.879200	-1.179360	1.778082	4.075307	-0.393368	0.549890	-0.110735	-0.789297	0.049686	1.594748
23.982241	1.939352	0.436332	1.877974	-1.208350	1.781399	4.128286	-0.376991	0.588176	0.007854	-0.857829	0.164061	1.363102
24.015574	1.928916	0.453022	1.880374	-1.232202	1.787981	4.162828	-0.328558	0.591667	0.126973	-0.784744	0.280453	1.038689
24.048908	1.918974	0.471270	1.887589	-1.256851	1.799281	4.190750	-0.224413	0.529202	0.301391	-0.645864	0.453235	0.536275
24.082241	1.913560	0.486785	1.898627	-1.275803	1.815110	4.200329	-0.171624	0.570141	0.502267	-0.669625	0.687854	0.188592
24.115574	1.908998	0.504222	1.915873	-1.296281	1.838437	4.201328	-0.139982	0.641141	0.690296	-0.725665	0.896423	-0.095638
24.148908	1.904052	0.527705	1.944194	-1.322754	1.873662	4.191870	-0.093016	0.604295	0.791250	-0.658810	0.954490	-0.399783
24.182241	1.901726	0.543708	1.966075	-1.340261	1.899374	4.177787	-0.050766	0.481256	0.747836	-0.522233	0.840945	-0.580739
24.215574	1.900664	0.556686	1.990344	-1.355155	1.924912	4.153289	0.009915	0.212782	0.557354	-0.241635	0.493854	-0.752534
24.248908	1.901603	0.558841	2.003907	-1.358672	1.934765	4.129583	0.071894	-0.054777	0.418275	0.020139	0.194940	-0.998262
24.282241	1.911136	0.539307	2.022837	-1.342158	1.930334	4.045673	0.246091	-0.612611	0.261799	0.555015	-0.356047	-1.916372
24.315574	1.919862	0.514872	2.029818	-1.319469	1.914626	3.977605	0.308923	-0.795870	0.167552	0.764454	-0.549779	-2.073451
24.348908	1.930334	0.486947	2.035054	-1.291544	1.893682	3.909538	0.319395	-0.832522	0.068068	0.848230	-0.659734	-1.942551
24.382241	1.940806	0.459022	2.035054	-1.263618	1.870993	3.850196	0.298451	-0.816814	-0.020944	0.863938	-0.670206	-1.612684
24.415574	1.944371	0.450703	2.033866	-1.254706	1.863863	3.834748	0.282409	-0.756210	-0.063723	0.833636	-0.647034	-1.405917
24.448908	1.954465	0.426619	2.028376	-1.227080	1.842081	3.795256	0.215472	-0.500150	-0.199195	0.686483	-0.525647	-0.618073
24.482241	1.960441	0.413498	2.019491	-1.206750	1.826051	3.786783	0.172788	-0.287106	-0.353430	0.605193	-0.447677	0.152718
24.515574	1.965178	0.406724	2.006194	-1.188258	1.811839	3.799831	0.167739	-0.191301	-0.527152	0.642156	-0.469369	0.746315
24.548908	1.972113	0.399789	1.972877	-1.152572	1.785963	3.859359	0.116501	-0.039597	-0.668734	0.583322	-0.435896	1.362830
24.582241	1.974629	0.399680	1.956574	-1.141084	1.775842	3.893168	0.068248	0.017514	-0.634096	0.451197	-0.391255	1.429605
24.615574	1.975713	0.401309	1.941388	-1.132137	1.767437	3.929783	0.012915	0.098088	-0.534769	0.268082	-0.310669	1.394518
24.648908	1.974574	0.407724	1.924112	-1.127483	1.758230	3.982234	-0.121794	0.251100	-0.357868	-0.099711	-0.162316	1.355438
24.682241	1.967241	0.420915	1.911790	-1.138246	1.753111	4.034474	-0.257545	0.431642	-0.273798	-0.449969	-0.067959	1.549417
24.715574	1.957666	0.434936	1.905062	-1.154431	1.752311	4.079219	-0.331438	0.532919	-0.219597	-0.638477	-0.010158	1.621690
24.748908	1.944546	0.454890	1.898776	-1.179344	1.753522	4.137321	-0.375816	0.607054	-0.117435	-0.781124	0.099270	1.528267
24.782241	1.938332	0.465009	1.896819	-1.192480	1.755470	4.163074	-0.377985	0.622022	-0.063627	-0.807336	0.161587	1.433003
24.815574	1.921138	0.495371	1.897911	-1.232135	1.768488	4.224100	-0.294222	0.599218	0.131202	-0.727299	0.351214	0.927977
24.848908	1.914998	0.509488	1.902817	-1.248542	1.779307	4.241967	-0.227264	0.598685	0.276282	-0.664191	0.504437	0.571836
24.882241	1.909240	0.527691	1.913964	-1.268343	1.798441	4.252886	-0.168545	0.633916	0.481350	-0.653867	0.759219	0.174232
24.915574	1.904078	0.548944	1.932990	-1.290709	1.826677	4.253291	-0.137274	0.671572	0.664743	-0.695476	0.982089	-0.139096
24.948908	1.899481	0.570835	1.956064	-1.312600	1.860127	4.244556	-0.095768	0.620802	0.731265	-0.610161	1.004803	-0.425297
24.982241	1.896642	0.589466	1.979128	-1.330700	1.891178	4.227263	-0.048945	0.483304	0.687963	-0.453481	0.846863	-0.610562
25.015574	1.895895	0.601796	1.999119	-1.341815	1.912663	4.204467	0.014399	0.233843	0.545010	-0.210468	0.499289	-0.766137
25.048908	1.898084	0.603808	2.014262	-1.343828	1.921152	4.174372	0.096752	-0.091516	0.397707	0.114054	0.046896	-1.094094
25.082241	1.907645	0.582940	2.036799	-1.321214	1.905900	4.084070	0.256563	-0.596903	0.324631	0.649262	-0.539307	-1.843068
25.115574	1.918117	0.560251	2.045526	-1.296780	1.884956	4.019493	0.287979	-0.733038	0.235619	0.801106	-0.706858	-2.000147
25.148908	1.928589	0.534071	2.052507	-1.268854	1.860521	3.956661	0.308923	-0.785398	0.120428	0.853466	-0.785398	-1.816888
25.182241	1.937315	0.507891	2.054253	-1.240929	1.834341	3.902556	0.293215	-0.764454	-0.010472	0.816814	-0.733038	-1.413717
25.215574	1.946042	0.483456	2.050762	-1.216494	1.813397	3.864159	0.240855	-0.623083	-0.198968	0.706858	-0.560251	-0.780162
25.248908	1.952760	0.466662	2.040685	-1.196341	1.798282	3.852403	0.185433	-0.487046	-0.425695	0.555706	-0.363753	-0.029441
25.282241	1.957360	0.455161	2.027279	-1.183624	1.791184	3.857363	0.199523	-0.514237	-0.639505	0.592063	-0.330026	0.331772
25.315574	1.963555	0.439675	2.005147	-1.165702	1.781892	3.872205	0.201452	-0.510109	-0.809714	0.596548	-0.298185	0.704462
25.348908	1.969061	0.425564	1.980356	-1.148493	1.773287	3.896497	0.168836	-0.437156	-0.847242	0.519943	-0.257848	0.945936
25.382241	1.975713	0.408407	1.937315	-1.127483	1.761037	3.953171	0.031416	-0.162316	-0.659734	0.183260	-0.151844	1.083849
25.415574	1.975209	0.407904	1.932281	-1.127483	1.760030	3.963240	-0.010875	-0.082265	-0.585725	0.086594	-0.133719	1.106505
25.448908	1.966986	0.415388	1.909390	-1.137955	1.755801	4.033456	-0.267035	0.397935	-0.298451	-0.476475	-0.052360	1.507964
25.482241	1.957449	0.429694	1.901443	-1.155439	1.754212	4.081141	-0.343331	0.536222	-0.203081	-0.681520	-0.004675	1.631945
25.515574	1.950187	0.441942	1.897952	-1.170711	1.754960	4.114739	-0.364369	0.612143	-0.131367	-0.742295	0.048807	1.630543
25.548908	1.939452	0.461038	1.895428	-1.193715	1.757878	4.161045	-0.379067	0.674359	-0.031777	-0.790544	0.142004	1.516180
25.582241	1.920047	0.497075	1.898865	-1.235296	1.769632	4.228351	-0.289407	0.629112	0.165489	-0.713522	0.343592	0.917884
25.615574	1.912445	0.513738	1.904852	-1.253495	1.783116	4.246735	-0.198967	0.570461	0.309971	-0.618632	0.545852	0.434848
25.648908	1.905900	0.537561	1.921608	-1.279326	1.809906	4.255113	-0.157080	0.670206	0.596903	-0.691150	0.916298	0.000000
25.682241	1.904746	0.542561	1.926607	-1.284326	1.817213	4.254344	-0.149004	0.671360	0.622284	-0.692304	0.940526	-0.064607
25.715574	1.897173	0.581195	1.968731	-1.322960	1.877974	4.235914	-0.073304	0.581195	0.722566	-0.549779	0.979130	-0.534071
25.748908	1.895528	0.597641	1.990112	-1.337761	1.904288	4.217823	-0.019031	0.369036	0.638690	-0.352422	0.717632	-0.691956
25.782241	1.897173	0.605629	2.008874	-1.345649	1.921608	4.190536	0.052360	0.041888	0.418879	-0.015708	0.225147	-0.848230
25.815574	1.899388	0.602306	2.016627	-1.341218	1.921608	4.165060	0.152045	-0.207326	0.372359	0.270057	-0.053972	-1.256941
25.848908	1.904114	0.593493	2.025231	-1.331077	1.916087	4.126932	0.244630	-0.468804	0.316595	0.550509	-0.336808	-1.653720
25.882241	1.918366	0.561996	2.039043	-1.295533	1.889693	4.034204	0.338843	-0.765950	0.204951	0.866930	-0.685167	-2.021839
25.915574	1.930080	0.535150	2.044669	-1.266728	1.864805	3.969260	0.332438	-0.811673	0.128044	0.912014	-0.777782	-1.928176
25.948908	1.938260	0.514100	2.046556	-1.244362	1.846101	3.925446	0.298966	-0.764282	0.059570	0.857586	-0.750463	-1.646331
25.982241	1.946346	0.491272	2.047271	-1.220820	1.823755	3.881688	0.214903	-0.619667	-0.027432	0.654612	-0.625814	-1.101833
26.015574	1.951933	0.473311	2.043671	-1.204059	1.804998	3.855760	0.050724	-0.298451	-0.150862	0.248382	-0.332158	-0.155116
26.048908	1.950929	0.468446	2.036799	-1.199739	1.796991	3.866602	-0.078540	-0.058643	-0.307876	-0.018850	-0.185354	0.780162
26.082241	1.946079	0.470051	2.022948	-1.203646	1.791896	3.909760	-0.189610	0.124661	-0.463441	-0.218798	-0.103494	1.554866
26.115574	1.940830	0.473319	2.010667	-1.210183	1.790014	3.950565	-0.217831	0.176948	-0.506815	-0.293072	-0.051499	1.735192
26.148908	1.931226	0.479733	1.990373	-1.223010	1.788962	4.017826	-0.182096	0.108327	-0.444710	-0.298568	0.015592	1.412553
26.182241	1.925098	0.479966	1.973967	-1.235693	1.790708	4.061381	-0.057596	-0.178024	-0.204204	-0.136136	0.078540	0.183260
26.215574	1.923353	0.469494	1.968731	-1.239184	1.794198	4.050909	0.000000	-0.424115	-0.099484	-0.104720	0.188496	-0.596903
26.248908	1.924065	0.465219	1.968019	-1.239896	1.796336	4.044498	0.004274	-0.295887	-0.063152	-0.070526	0.132930	-0.434480
26.348908	1.925098	0.457276	1.966986	-1.240929	1.799434	4.033456	0.000000	0.000000	0.000000	0.000000	0.000000	0.000000
26.448908	1.925098	0.457276	1.966986	-1.240929	1.799434	4.033456	0.000000	0.000000	0.000000	0.000000	0.000000	0.000000
26.482241	1.926843	0.455531	1.965241	-1.239184	1.799434	4.031711	0.130900	-0.151844	-0.083776	0.314159	-0.094248	-0.214675
26.515574	1.933825	0.448550	1.960005	-1.221730	1.794198	4.021239	0.272271	-0.298451	-0.188496	0.644026	-0.209440	-0.424115
26.548908	1.937871	0.443829	1.957307	-1.212290	1.790827	4.015170	0.304639	-0.330819	-0.212772	0.706740	-0.233716	-0.454460
26.582241	1.949504	0.431125	1.949304	-1.186137	1.781752	3.998091	0.351584	-0.373300	-0.255791	0.804110	-0.276735	-0.480337
26.615574	1.966986	0.413643	1.935570	-1.146681	1.766273	3.975860	0.282743	-0.267035	-0.235619	0.649262	-0.230383	-0.251327
26.648908	1.973125	0.407504	1.929431	-1.131334	1.761669	3.972791	0.153829	-0.101289	-0.189579	0.363810	-0.147510	-0.007312
26.682241	1.975143	0.406662	1.925063	-1.125702	1.758686	3.978247	0.040926	0.037828	-0.165628	0.106001	-0.093820	0.347073
26.715574	1.974359	0.410722	1.917939	-1.126699	1.756193	3.998692	-0.106750	0.203883	-0.169261	-0.182726	-0.053001	0.778774
26.748908	1.970763	0.416705	1.913968	-1.133091	1.755000	4.019007	-0.176994	0.290898	-0.167981	-0.314932	-0.032703	0.981276
26.782241	1.963002	0.428744	1.908745	-1.146871	1.754056	4.055273	-0.246661	0.384731	-0.152754	-0.465776	-0.003756	1.195058
26.815574	1.955165	0.440458	1.904868	-1.161080	1.754056	4.089465	-0.283100	0.435896	-0.132090	-0.563464	0.027489	1.288410
26.848908	1.943424	0.457567	1.900954	-1.183333	1.755510	4.137158	-0.306742	0.485202	-0.088139	-0.633555	0.094248	1.270599
26.882241	1.932589	0.476257	1.897973	-1.207841	1.760383	4.182463	-0.292343	0.491747	-0.026398	-0.619374	0.167770	1.098903
26.915574	1.926123	0.487895	1.897666	-1.223666	1.765249	4.207647	-0.264986	0.478068	0.028115	-0.583699	0.221164	0.926883
26.948908	1.916675	0.505538	1.901309	-1.244610	1.776290	4.237697	-0.181666	0.424456	0.147291	-0.471011	0.310972	0.543745
26.982241	1.911323	0.519356	1.908048	-1.259376	1.788211	4.251246	-0.126791	0.417832	0.267277	-0.434104	0.434910	0.233525
27.015574	1.908042	0.533158	1.918276	-1.273852	1.804036	4.255113	-0.111146	0.469692	0.384012	-0.478141	0.595951	0.061761
27.048908	1.903936	0.551633	1.935679	-1.293398	1.830632	4.253149	-0.092939	0.489238	0.483347	-0.488583	0.718312	-0.122719
27.082241	1.900340	0.567814	1.952894	-1.309579	1.855802	4.246451	-0.071365	0.465227	0.519332	-0.447580	0.734202	-0.268199
27.115574	1.898065	0.581040	1.968537	-1.322804	1.876850	4.236069	-0.052593	0.404218	0.508240	-0.393397	0.684285	-0.368032
27.148908	1.895428	0.598648	1.993166	-1.340413	1.907645	4.213225	0.000000	0.246091	0.445059	-0.225147	0.486947	-0.492183
27.182241	1.895428	0.603884	2.005383	-1.345649	1.919862	4.195772	0.020944	0.083776	0.319395	-0.068068	0.240855	-0.560251
27.215574	1.897173	0.603884	2.015855	-1.343904	1.923353	4.173082	0.094248	-0.136136	0.256563	0.178024	-0.010472	-0.863938
27.248908	1.902409	0.595157	2.022837	-1.333432	1.918117	4.138176	0.172788	-0.350811	0.204204	0.397935	-0.261799	-1.151917
27.282241	1.909390	0.581195	2.029818	-1.317724	1.905900	4.096288	0.204204	-0.502655	0.162316	0.549779	-0.429351	-1.314233
27.315574	1.911470	0.575476	2.030858	-1.312005	1.900701	4.082771	0.218240	-0.526050	0.149838	0.579412	-0.462104	-1.342307
27.348908	1.925098	0.541052	2.036799	-1.275836	1.869248	4.002040	0.251327	-0.638791	0.089012	0.664970	-0.591667	-1.413717
27.382241	1.931291	0.526189	2.039276	-1.259734	1.855623	3.969836	0.236464	-0.620211	0.066717	0.657539	-0.591667	-1.346831
27.415574	1.939061	0.505709	2.040290	-1.238747	1.835650	3.925245	0.214675	-0.553706	0.041888	0.603448	-0.540616	-1.189878
27.448908	1.945701	0.486226	2.041921	-1.217633	1.816167	3.883775	0.155600	-0.436181	0.017074	0.454279	-0.415920	-0.867694
27.482241	1.950036	0.475883	2.042035	-1.207176	1.807155	3.864307	0.103921	-0.269608	0.011714	0.289310	-0.264639	-0.540726
27.515574	1.951970	0.471600	2.042035	-1.202893	1.803286	3.856155	0.053714	-0.132705	0.006319	0.147420	-0.132705	-0.268570
27.548908	1.953023	0.469494	2.042035	-1.200787	1.801180	3.851942	0.000000	0.000000	0.000000	0.004363	0.000000	0.000000
27.648908	1.953023	0.469494	2.042035	-1.200787	1.801180	3.851942	0.000000	0.000000	0.000000	0.000000	0.000000	0.000000
27.748908	1.953023	0.469494	2.042035	-1.200787	1.801180	3.851942	0.000000	0.000000	0.000000	0.000000	0.000000	0.000000
27.782241	1.946835	0.469494	2.035847	-1.205737	1.799942	3.868030	-0.337865	-0.055692	-0.460387	-0.393557	-0.111384	1.054435
27.815574	1.945838	0.469686	2.029648	-1.207318	1.801104	3.880476	-0.463565	-0.063703	-0.646180	-0.540756	-0.151299	1.422086
27.848908	1.952540	0.470524	2.013730	-1.205363	1.808365	3.905888	-0.407435	0.000804	-0.632775	-0.478762	-0.126166	1.139762
27.882241	1.959242	0.471362	1.997813	-1.203409	1.815626	3.931300	-0.351305	0.065312	-0.619371	-0.416768	-0.101034	0.857437
27.915574	1.965944	0.472200	1.981895	-1.201454	1.822886	3.956712	-0.295176	0.129819	-0.605967	-0.354774	-0.075901	0.575113
27.948908	1.972647	0.473037	1.965978	-1.199499	1.830147	3.982124	-0.239046	0.194326	-0.592563	-0.292780	-0.050768	0.292788
27.982241	1.979349	0.473875	1.950061	-1.197544	1.837407	4.007536	-0.182916	0.258834	-0.579159	-0.230786	-0.025635	0.010464
28.015574	1.986051	0.474713	1.934143	-1.195590	1.844668	4.032948	-0.126786	0.323341	-0.565755	-0.168792	-0.000503	-0.271861
28.048908	1.965241	0.481711	1.919862	-1.214749	1.832596	4.021239	-0.916298	0.130900	-0.256563	-0.780162	-0.555015	-0.340339
28.082241	1.935570	0.483456	1.918117	-1.239184	1.813397	4.014257	-0.727802	0.020944	0.162316	-0.528835	-0.534071	0.005236
28.115574	1.929301	0.482886	1.923816	-1.242033	1.808268	4.018247	-0.620090	-0.018380	0.398257	-0.407444	-0.518683	0.220661
28.148908	1.909390	0.476475	1.968731	-1.249656	1.783726	4.050909	-0.062832	-0.172788	0.926770	0.104720	-0.261799	0.706858
28.182241	1.916226	0.471348	1.990948	-1.239402	1.783726	4.067999	0.583160	-0.275326	0.619155	0.555888	0.240639	0.450512
28.215574	1.942551	0.460767	2.007129	-1.218240	1.795944	4.080580	0.785398	-0.167552	0.240855	0.638791	0.445059	0.235619
28.248908	1.963495	0.464258	2.000147	-1.200787	1.809906	4.082325	0.617847	0.376991	-0.712094	0.403171	0.492183	-0.183260
28.282241	1.980290	0.481052	1.968237	-1.190710	1.826701	4.070569	0.411272	0.583566	-1.125243	0.211712	0.426684	-0.399911
28.315574	1.984068	0.495748	1.940472	-1.190315	1.832039	4.060750	-0.261244	0.301570	-0.561252	-0.259015	-0.053141	-0.291433
28.348908	1.957096	0.502546	1.928771	-1.214240	1.817215	4.049382	-1.088869	0.118355	-0.133299	-0.898628	-0.643155	-0.272380
28.382241	1.931560	0.504214	1.927029	-1.233465	1.802851	4.042925	-0.328084	0.026291	-0.013368	-0.256006	-0.195959	-0.066397
28.415574	1.928589	0.505761	1.926843	-1.235693	1.799819	4.042183	-0.051916	0.003461	0.000000	-0.039226	-0.031150	-0.009230
28.448908	1.928589	0.506145	1.926843	-1.235693	1.799434	4.042183	0.000000	0.004363	0.008727	0.000000	-0.004363	0.008727
28.482241	1.928589	0.506145	1.926843	-1.235693	1.799434	4.043433	0.003752	0.023998	0.029234	0.000000	-0.016493	0.051749
28.515574	1.928589	0.507437	1.928135	-1.235693	1.798143	4.046511	0.009111	0.046914	0.059900	0.015499	-0.036442	0.106814
28.548908	1.929643	0.508945	1.930698	-1.235693	1.796635	4.049527	0.016799	0.065014	0.087048	0.024107	-0.054542	0.152062
28.582241	1.930334	0.510777	1.934362	-1.234552	1.794803	4.055474	0.020944	0.086998	0.113178	0.026180	-0.073102	0.193329
28.615574	1.930334	0.514051	1.938239	-1.233948	1.791529	4.063229	0.020944	0.098252	0.116424	0.026180	-0.078540	0.204204
28.648908	1.930935	0.516074	1.940263	-1.233347	1.789506	4.067275	0.022747	0.099484	0.115192	0.026180	-0.078540	0.204204
28.682241	1.932079	0.521853	1.947787	-1.232202	1.785472	4.078834	0.020944	0.104720	0.109956	0.026180	-0.078540	0.209440
28.715574	1.933825	0.525344	1.951278	-1.230457	1.781981	4.084070	0.026180	0.104720	0.109956	0.026180	-0.078540	0.204204
28.748908	1.933825	0.526289	1.952223	-1.230457	1.781508	4.085961	0.024762	0.104720	0.109956	0.026180	-0.078540	0.202785
28.782241	1.935570	0.532325	1.958259	-1.228712	1.776745	4.098033	0.026180	0.109956	0.109956	0.020944	-0.083776	0.198968
28.815574	1.935570	0.535816	1.961750	-1.228712	1.773255	4.105014	0.020944	0.104720	0.109956	0.020944	-0.078540	0.204204
28.848908	1.936164	0.537004	1.962938	-1.228712	1.772660	4.107391	0.022726	0.106502	0.109956	0.020944	-0.078540	0.205986
28.882241	1.937315	0.542797	1.968731	-1.226966	1.768019	4.118977	0.020944	0.109956	0.104720	0.020944	-0.083776	0.198968
28.915574	1.937315	0.546288	1.972222	-1.226966	1.766273	4.125958	0.020944	0.109956	0.104720	0.020944	-0.078540	0.193732
28.948908	1.939061	0.551524	1.975713	-1.225221	1.762783	4.132940	0.026180	0.109956	0.104720	0.020944	-0.078540	0.198968
28.982241	1.939061	0.555015	1.979203	-1.225221	1.759292	4.138176	0.020944	0.115192	0.104720	0.020944	-0.078540	0.204204
29.015574	1.940811	0.558537	1.982721	-1.225217	1.757524	4.145212	0.020944	0.115192	0.104692	0.020930	-0.078526	0.198981
29.048908	1.941268	0.561736	1.985463	-1.224760	1.755239	4.150695	0.020944	0.115192	0.101951	0.019560	-0.077155	0.200352
29.082241	1.941724	0.564934	1.988204	-1.224303	1.752955	4.156177	0.020944	0.115192	0.099210	0.018189	-0.075785	0.201723
29.115574	1.942181	0.568132	1.990946	-1.223846	1.750670	4.161660	0.020944	0.115192	0.096468	0.016818	-0.074414	0.203093
29.148908	1.943078	0.571775	1.993692	-1.222949	1.747767	4.168206	0.022523	0.118350	0.095827	0.015708	-0.074883	0.204204
29.182241	1.944297	0.577316	1.998014	-1.221730	1.742226	4.179288	0.021526	0.121009	0.094830	0.015708	-0.078540	0.199549
29.215574	1.944297	0.579407	1.999538	-1.221730	1.741271	4.182335	0.020944	0.123834	0.094248	0.015708	-0.078540	0.200671
29.248908	1.945833	0.586012	2.004964	-1.220195	1.737021	4.193188	0.025552	0.126292	0.094248	0.020316	-0.083147	0.199596
29.282241	1.946042	0.589103	2.008056	-1.219985	1.735266	4.198035	0.022171	0.113637	0.086230	0.016935	-0.075758	0.190950
29.315574	1.947089	0.592016	2.009921	-1.219985	1.732763	4.202404	0.017802	0.094248	0.068068	0.012566	-0.060737	0.153938
29.348908	1.947787	0.595157	2.011492	-1.219985	1.730494	4.207116	0.015708	0.070686	0.047124	0.007854	-0.041888	0.109956
29.382241	1.947787	0.596903	2.012365	-1.219226	1.729621	4.210493	0.008878	0.043937	0.027546	0.002959	-0.022310	0.068523
29.415574	1.947787	0.597833	2.013295	-1.218240	1.729621	4.211479	0.000000	0.012217	0.007330	0.000000	-0.004887	0.019548
29.515574	1.947787	0.598648	2.014110	-1.218240	1.729621	4.211479	0.000000	0.000000	0.000000	0.000000	0.000000	0.000000
29.548908	1.947787	0.598648	2.014110	-1.218634	1.729621	4.211479	0.034288	-0.002365	0.003547	-0.004729	0.000000	-0.001182
29.582241	1.960525	0.595463	2.014110	-1.221577	1.729621	4.209887	0.591301	-0.115559	0.063475	-0.106925	0.052544	-0.062556
29.615574	1.982112	0.591339	2.016655	-1.225548	1.732167	4.207189	0.954260	-0.198204	0.094793	-0.176278	0.080503	-0.113883
29.648908	2.013739	0.583905	2.019606	-1.231980	1.735117	4.203236	1.274907	-0.270266	0.128783	-0.244086	0.104051	-0.154963
29.682241	2.064689	0.572824	2.024404	-1.242318	1.738811	4.197695	1.606380	-0.333500	0.163170	-0.320571	0.121817	-0.192663
29.722146	2.146755	0.556760	2.033309	-1.258382	1.745329	4.187045	1.644537	-0.349902	0.157456	-0.358649	0.113718	-0.196820
29.765433	2.214823	0.541052	2.040290	-1.274090	1.748820	4.178318	1.661176	-0.346750	0.153215	-0.354814	0.100800	-0.197567
29.811895	2.289872	0.525344	2.047271	-1.289798	1.754056	4.169592	1.660364	-0.334327	0.150259	-0.383161	0.078886	-0.206606
29.859587	2.360425	0.511234	2.053543	-1.307045	1.757192	4.160185	1.656966	-0.342136	0.152956	-0.389710	0.063701	-0.214424
29.907638	2.445420	0.494569	2.060949	-1.327412	1.759221	4.149075	1.662969	-0.341430	0.135134	-0.409553	0.040844	-0.217786
29.955457	2.516493	0.479190	2.067129	-1.345882	1.760766	4.139805	1.659312	-0.336923	0.135045	-0.427846	0.015492	-0.215910
30.002589	2.555511	0.471048	2.070024	-1.356375	1.761037	4.134558	1.659470	-0.330453	0.131898	-0.445923	-0.000404	-0.215926
30.045566	2.679080	0.446804	2.078687	-1.392773	1.757547	4.117232	1.656908	-0.337067	0.121831	-0.491387	-0.077160	-0.231480
30.085242	2.732749	0.437171	2.082816	-1.409286	1.753418	4.110351	1.652545	-0.313083	0.104220	-0.556545	-0.132136	-0.233395
30.121562	2.776819	0.428478	2.085668	-1.425061	1.748820	4.104142	1.645897	-0.305152	0.086500	-0.605498	-0.197027	-0.245083
30.154895	2.857104	0.413643	2.089159	-1.457350	1.734857	4.091052	1.303761	-0.225147	0.026180	-0.659734	-0.350811	-0.230383
30.188228	2.895501	0.406662	2.089159	-1.480039	1.722640	4.084070	0.963422	-0.136136	-0.015708	-0.633555	-0.450295	-0.188496
30.223972	2.919936	0.403171	2.087414	-1.500983	1.705187	4.078834	0.498055	-0.039063	-0.078126	-0.576182	-0.527353	-0.136721
30.272073	2.933898	0.403171	2.082178	-1.523672	1.682497	4.073598	0.185050	0.010885	-0.112482	-0.533380	-0.569665	-0.101596
30.323773	2.939134	0.404916	2.075196	-1.549852	1.651081	4.068362	0.023631	0.060766	-0.145163	-0.540140	-0.638040	-0.094524
30.379135	2.937617	0.409469	2.067608	-1.575653	1.620728	4.063809	-0.068398	0.084160	-0.160234	-0.545534	-0.669856	-0.085531
30.432198	2.928662	0.415388	2.057743	-1.610939	1.576032	4.057891	-0.177616	0.121700	-0.187483	-0.585473	-0.766378	-0.085519
30.477589	2.920518	0.419461	2.049598	-1.634016	1.544810	4.053818	-0.261470	0.151242	-0.222164	-0.669482	-0.898909	-0.096983
30.510922	2.906132	0.426654	2.038227	-1.667741	1.501221	4.049640	-0.426733	0.209440	-0.303687	-0.874172	-1.180001	-0.117334
30.544255	2.892853	0.432661	2.029216	-1.690983	1.467942	4.046636	-0.434587	0.201856	-0.288521	-0.812300	-1.100821	-0.100025
30.577589	2.876934	0.440380	2.019086	-1.718481	1.429833	4.042777	-0.412863	0.172899	-0.252330	-0.664636	-0.930000	-0.076869
30.610922	2.865831	0.445308	2.012614	-1.736353	1.405489	4.040936	-0.352307	0.141372	-0.201211	-0.530330	-0.750990	-0.058344
30.644255	2.858474	0.448351	2.008300	-1.747251	1.389503	4.039664	-0.271874	0.110022	-0.148463	-0.396477	-0.563565	-0.043081
30.677589	2.849704	0.451598	2.004080	-1.759269	1.372294	4.038692	-0.073862	0.032952	-0.038257	-0.106814	-0.156870	-0.011868
30.710922	2.848377	0.452040	2.003638	-1.761037	1.370083	4.038692	-0.015984	0.007992	-0.007992	-0.023975	-0.037295	-0.002664
30.744255	2.848377	0.453646	2.003638	-1.761037	1.370083	4.040298	0.000000	0.183050	0.052988	-0.043354	0.043354	0.236038
30.777589	2.848377	0.481711	2.010619	-1.768019	1.377065	4.075344	0.000000	1.178097	0.287979	-0.277507	0.293215	1.476549
30.810922	2.848377	0.490263	2.012452	-1.769851	1.379203	4.085729	0.000000	1.225745	0.279733	-0.280256	0.301462	1.509535
30.844255	2.848377	0.542943	2.022328	-1.780963	1.392373	4.148284	0.000000	1.157371	0.177805	-0.232020	0.275435	1.318268
30.877589	2.848377	0.570588	2.025857	-1.786747	1.399284	4.179459	0.000000	0.167752	0.016916	-0.032423	0.042290	0.184668
30.977589	2.848377	0.572468	2.026327	-1.787217	1.399754	4.181809	0.000000	0.000000	0.000000	0.000000	0.000000	0.000000
31.077589	2.848377	0.572468	2.026327	-1.787217	1.399754	4.181809	0.000000	0.000000	0.000000	0.000000	0.000000	0.000000
31.177589	2.848377	0.572468	2.026327	-1.787217	1.399754	4.181809	0.000000	0.000000	0.000000	0.000000	0.000000	0.000000
31.277589	2.848377	0.572468	2.026327	-1.787217	1.399754	4.181809	0.000000	0.000000	0.000000	0.000000	0.000000	0.000000
31.377589	2.848377	0.572468	2.026327	-1.787217	1.399754	4.181809	0.000000	0.000000	0.000000	0.000000	0.000000	0.000000
31.477589	2.848377	0.572468	2.026327	-1.787217	1.399754	4.181809	0.000000	0.000000	0.000000	0.000000	0.000000	0.000000
31.577589	2.848377	0.572468	2.026327	-1.787217	1.399754	4.181809	0.000000	0.000000	0.000000	0.000000	0.000000	0.000000
31.677589	2.848377	0.572468	2.026327	-1.787217	1.399754	4.181809	0.000000	0.000000	0.000000	0.000000	0.000000	0.000000
31.777589	2.848377	0.572468	2.026327	-1.787217	1.399754	4.181809	0.000000	0.000000	0.000000	0.000000	0.000000	0.000000
31.877589	2.848377	0.572468	2.026327	-1.787217	1.399754	4.181809	0.000000	0.000000	0.000000	0.000000	0.000000	0.000000
31.910922	2.851951	0.572468	2.027519	-1.784835	1.400945	4.181809	0.321639	-0.046459	0.117934	0.271607	0.178689	0.025016
31.944255	2.875077	0.568680	2.035648	-1.764788	1.414125	4.184334	1.092428	-0.162761	0.362175	0.935794	0.602696	0.085893
31.981452	2.923024	0.562265	2.049721	-1.724016	1.440064	4.187783	1.495633	-0.178303	0.399467	1.300006	0.790452	0.100521
32.014785	2.977123	0.556797	2.062311	-1.678190	1.467042	4.191093	1.492145	-0.140258	0.315607	1.296297	0.773255	0.080656
32.048118	3.018672	0.552272	2.070584	-1.642355	1.488891	4.193652	0.622334	-0.044132	0.097988	0.534818	0.315655	0.025806
32.148118	3.028146	0.551524	2.071706	-1.633628	1.494002	4.194026	0.000000	0.000000	0.000000	0.000000	0.000000	0.000000
32.248118	3.028146	0.551524	2.071706	-1.633628	1.494002	4.194026	0.000000	0.000000	0.000000	0.000000	0.000000	0.000000
32.281452	3.030359	0.549312	2.070600	-1.633628	1.495108	4.189601	0.109513	-0.162611	-0.119469	0.059735	0.096239	-0.288717
32.314785	3.036546	0.540179	2.063088	-1.630683	1.500656	4.172319	0.305324	-0.453895	-0.353429	0.164934	0.284380	-0.814851
32.348118	3.051999	0.515454	2.043781	-1.621411	1.516109	4.130613	0.561996	-0.844739	-0.656244	0.303687	0.537561	-1.502729
32.381452	3.078875	0.475261	2.012934	-1.606689	1.540177	4.060736	0.836734	-1.270866	-0.962512	0.455076	0.764227	-2.212320
32.414785	3.106479	0.433433	1.981097	-1.592125	1.565915	3.988255	1.051724	-1.629635	-1.225221	0.566907	0.964398	-2.771879
32.448118	3.144786	0.376842	1.937650	-1.572690	1.600207	3.889930	1.220765	-1.837052	-1.414497	0.648817	1.111032	-3.134686
32.481452	3.183540	0.318774	1.892854	-1.552781	1.636113	3.789790	1.174459	-1.765859	-1.368190	0.628674	1.085979	-3.042375
32.514785	3.219223	0.263326	1.851285	-1.533017	1.669008	3.695189	0.982402	-1.471857	-1.141336	0.523053	0.917497	-2.546216
32.548118	3.243944	0.225596	1.822946	-1.520007	1.691573	3.629811	0.788689	-1.185577	-0.908593	0.415588	0.728176	-2.022063
32.581452	3.275983	0.178024	1.785472	-1.502728	1.722640	3.546509	0.429351	-0.628319	-0.471239	0.219911	0.397935	-1.073377
32.614785	3.286117	0.162822	1.773649	-1.497661	1.731085	3.521174	0.186131	-0.263488	-0.207750	0.098301	0.164849	-0.455193
32.648118	3.288200	0.158825	1.771509	-1.497492	1.733112	3.515093	-0.010472	0.000000	-0.005236	0.020944	0.020944	-0.005236
32.681452	3.281219	0.160570	1.769764	-1.494002	1.736603	3.515093	-0.523599	0.136136	-0.036652	0.141372	0.204204	0.130900
32.714785	3.271329	0.162897	1.769182	-1.491675	1.740093	3.517420	-0.741766	0.188496	-0.054105	0.193732	0.284489	0.183260
32.782331	3.202679	0.179769	1.764528	-1.474803	1.766273	3.534292	-0.888866	0.227384	-0.069766	0.232552	0.341077	0.222217
32.866900	3.132866	0.197222	1.757547	-1.457350	1.794198	3.551745	-0.953476	0.235273	-0.074297	0.243529	0.369420	0.229082
32.958527	3.088377	0.208344	1.754124	-1.445372	1.811310	3.562867	-0.989267	0.244226	-0.078844	0.251845	0.378310	0.238512
33.047255	2.971895	0.237514	1.744829	-1.414917	1.856202	3.591246	-1.121100	0.276833	-0.090892	0.284255	0.425884	0.269817
33.121508	2.877011	0.261302	1.737078	-1.390594	1.892819	3.613965	-1.310839	0.323596	-0.106090	0.331746	0.500982	0.313413
33.182023	2.782127	0.285090	1.729327	-1.366272	1.929436	3.636684	-1.573092	0.388226	-0.127082	0.397342	0.604999	0.373523
33.229121	2.687243	0.308878	1.721576	-1.341950	1.966053	3.659402	-1.975847	0.487477	-0.159314	0.498055	0.764870	0.465747
33.275168	2.592359	0.332666	1.713825	-1.317627	2.002670	3.682121	-1.974484	0.486988	-0.158885	0.496647	0.769549	0.461861
33.320104	2.497475	0.356453	1.706074	-1.293305	2.039288	3.704840	-1.975732	0.487136	-0.158651	0.495844	0.775495	0.458413
33.359795	2.391504	0.382294	1.697131	-1.266337	2.080198	3.730541	-1.982910	0.485813	-0.161684	0.503486	0.777469	0.463065
33.393128	2.320336	0.399046	1.690589	-1.248545	2.107406	3.748333	-1.704075	0.410311	-0.141372	0.442203	0.653070	0.412215
33.426462	2.274108	0.410603	1.686945	-1.236988	2.125135	3.759101	-1.072871	0.256057	-0.083945	0.275143	0.406718	0.259435
33.459795	2.251303	0.416304	1.685530	-1.231287	2.134166	3.763845	-0.567374	0.135706	-0.038626	0.143432	0.218452	0.131844
33.493128	2.241003	0.418879	1.684243	-1.228712	2.138028	3.766421	-0.095447	0.022907	0.000000	0.022907	0.038179	0.022907
33.526462	2.241003	0.418879	1.684243	-1.228712	2.138028	3.766421	-0.019464	-0.008651	0.023790	-0.002163	-0.010813	0.000000
33.559795	2.234339	0.414119	1.691859	-1.230616	2.132316	3.767373	-0.366996	-0.277984	0.440299	-0.156604	-0.337484	0.039984
33.593128	2.213619	0.398356	1.715057	-1.239786	2.113233	3.769851	-0.941937	-0.701984	1.039796	-0.444518	-0.877480	0.083415
33.626462	2.174197	0.370567	1.756284	-1.259496	2.077387	3.772548	-1.325819	-0.908054	1.294960	-0.668647	-1.204834	0.064837
33.659795	2.132636	0.344578	1.794978	-1.280635	2.040539	3.773402	-1.422225	-0.849258	1.212692	-0.745287	-1.254113	0.021598
33.693128	2.083175	0.316902	1.834341	-1.307002	1.997155	3.773402	-1.507217	-0.772682	1.105541	-0.823546	-1.297029	-0.013464
33.726462	2.001893	0.279253	1.886701	-1.352630	1.926843	3.771657	-1.560324	-0.617847	0.863938	-0.869174	-1.303761	-0.052360
33.759795	1.961750	0.263545	1.907645	-1.375319	1.893682	3.769911	-0.822050	-0.287979	0.392699	-0.471239	-0.664970	-0.026180
33.793128	1.947787	0.258309	1.914626	-1.384046	1.883210	3.769911	-0.036652	-0.005236	0.015708	-0.015708	-0.020944	0.000000
33.893128	1.947787	0.258309	1.914626	-1.384046	1.883210	3.769911	0.000000	0.000000	0.000000	0.000000	0.000000	0.000000
33.993128	1.947787	0.258309	1.914626	-1.384046	1.883210	3.769911	0.000000	0.000000	0.000000	0.000000	0.000000	0.000000
34.093128	1.947787	0.258309	1.914626	-1.384046	1.883210	3.769911	0.000000	0.000000	0.000000	0.000000	0.000000	0.000000
34.193128	1.947787	0.258309	1.914626	-1.384046	1.883210	3.769911	0.000000	0.000000	0.000000	0.000000	0.000000	0.000000
34.293128	1.947787	0.258309	1.914626	-1.384046	1.883210	3.769911	0.000000	0.000000	0.000000	0.000000	0.000000	0.000000
34.393128	1.947787	0.258309	1.914626	-1.384046	1.883210	3.769911	0.000000	0.000000	0.000000	0.000000	0.000000	0.000000
34.493128	1.947787	0.258309	1.914626	-1.384046	1.883210	3.769911	0.000000	0.000000	0.000000	0.000000	0.000000	0.000000
34.593128	1.947787	0.258309	1.914626	-1.384046	1.883210	3.769911	0.000000	0.000000	0.000000	0.000000	0.000000	0.000000
34.693128	1.947787	0.258309	1.914626	-1.384046	1.883210	3.769911	0.000000	0.000000	0.000000	0.000000	0.000000	0.000000
34.793128	1.947787	0.258309	1.914626	-1.384046	1.883210	3.769911	0.000000	0.000000	0.000000	0.000000	0.000000	0.000000
34.893128	1.947787	0.258309	1.914626	-1.384046	1.883210	3.769911	0.000000	0.000000	0.000000	0.000000	0.000000	0.000000
34.993128	1.947787	0.258309	1.914626	-1.384046	1.883210	3.769911	0.000000	0.000000	0.000000	0.000000	0.000000	0.000000
35.093128	1.947787	0.258309	1.914626	-1.384046	1.883210	3.769911	0.000000	0.000000	0.000000	0.000000	0.000000	0.000000
35.193128	1.947787	0.258309	1.914626	-1.384046	1.883210	3.769911	0.000000	0.000000	0.000000	0.000000	0.000000	0.000000
35.293128	1.947787	0.258309	1.914626	-1.384046	1.883210	3.769911	0.000000	0.000000	0.000000	0.000000	0.000000	0.000000
35.393128	1.947787	0.258309	1.914626	-1.384046	1.883210	3.769911	0.000000	0.000000	0.000000	0.000000	0.000000	0.000000
35.493128	1.947787	0.258309	1.914626	-1.384046	1.883210	3.769911	0.000000	0.000000	0.000000	0.000000	0.000000	0.000000
35.593128	1.947787	0.258309	1.914626	-1.384046	1.883210	3.769911	0.000000	0.000000	0.000000	0.000000	0.000000	0.000000
35.693128	1.947787	0.258309	1.914626	-1.384046	1.883210	3.769911	0.000000	0.000000	0.000000	0.000000	0.000000	0.000000
35.793128	1.947787	0.258309	1.914626	-1.384046	1.883210	3.769911	0.000000	0.000000	0.000000	0.000000	0.000000	0.000000
35.893128	1.947787	0.258309	1.914626	-1.384046	1.883210	3.769911	0.000000	0.000000	0.000000	0.000000	0.000000	0.000000
35.993128	1.947787	0.258309	1.914626	-1.384046	1.883210	3.769911	0.000000	0.000000	0.000000	0.000000	0.000000	0.000000
36.093128	1.947787	0.258309	1.914626	-1.384046	1.883210	3.769911	0.000000	0.000000	0.000000	0.000000	0.000000	0.000000
36.193128	1.947787	0.258309	1.914626	-1.384046	1.883210	3.769911	0.000000	0.000000	0.000000	0.000000	0.000000	0.000000
36.293128	1.947787	0.258309	1.914626	-1.384046	1.883210	3.769911	0.000000	0.000000	0.000000	0.000000	0.000000	0.000000
36.393128	1.947787	0.258309	1.914626	-1.384046	1.883210	3.769911	0.000000	0.000000	0.000000	0.000000	0.000000	0.000000
36.493128	1.947787	0.258309	1.914626	-1.384046	1.883210	3.769911	0.000000	0.000000	0.000000	0.000000	0.000000	0.000000
36.593128	1.947787	0.258309	1.914626	-1.384046	1.883210	3.769911	0.000000	0.000000	0.000000	0.000000	0.000000	0.000000
36.693128	1.947787	0.258309	1.914626	-1.384046	1.883210	3.769911	0.000000	0.000000	0.000000	0.000000	0.000000	0.000000
36.793128	1.947787	0.258309	1.914626	-1.384046	1.883210	3.769911	0.000000	0.000000	0.000000	0.000000	0.000000	0.000000
36.893128	1.947787	0.258309	1.914626	-1.384046	1.883210	3.769911	0.000000	0.000000	0.000000	0.000000	0.000000	0.000000
36.993128	1.947787	0.258309	1.914626	-1.384046	1.883210	3.769911	0.000000	0.000000	0.000000	0.000000	0.000000	0.000000
37.093128	1.947787	0.258309	1.914626	-1.384046	1.883210	3.769911	0.000000	0.000000	0.000000	0.000000	0.000000	0.000000
37.193128	1.947787	0.258309	1.914626	-1.384046	1.883210	3.769911	0.000000	0.000000	0.000000	0.000000	0.000000	0.000000
37.293128	1.947787	0.258309	1.914626	-1.384046	1.883210	3.769911	0.000000	0.000000	0.000000	0.000000	0.000000	0.000000
37.393128	1.947787	0.258309	1.914626	-1.384046	1.883210	3.769911	0.000000	0.000000	0.000000	0.000000	0.000000	0.000000
37.493128	1.947787	0.258309	1.914626	-1.384046	1.883210	3.769911	0.000000	0.000000	0.000000	0.000000	0.000000	0.000000
37.593128	1.947787	0.258309	1.914626	-1.384046	1.883210	3.769911	0.000000	0.000000	0.000000	0.000000	0.000000	0.000000
37.693128	1.947787	0.258309	1.914626	-1.384046	1.883210	3.769911	0.000000	0.000000	0.000000	0.000000	0.000000	0.000000
37.793128	1.947787	0.258309	1.914626	-1.384046	1.883210	3.769911	0.000000	0.000000	0.000000	0.000000	0.000000	0.000000
37.893128	1.947787	0.258309	1.914626	-1.384046	1.883210	3.769911	0.000000	0.000000	0.000000	0.000000	0.000000	0.000000
37.993128	1.947787	0.258309	1.914626	-1.384046	1.883210	3.769911	0.000000	0.000000	0.000000	0.000000	0.000000	0.000000
38.093128	1.947787	0.258309	1.914626	-1.384046	1.883210	3.769911	0.000000	0.000000	0.000000	0.000000	0.000000	0.000000
38.193128	1.947787	0.258309	1.914626	-1.384046	1.883210	3.769911	0.000000	0.000000	0.000000	0.000000	0.000000	0.000000
38.293128	1.947787	0.258309	1.914626	-1.384046	1.883210	3.769911	0.000000	0.000000	0.000000	0.000000	0.000000	0.000000
38.393128	1.947787	0.258309	1.914626	-1.384046	1.883210	3.769911	0.000000	0.000000	0.000000	0.000000	0.000000	0.000000
38.493128	1.947787	0.258309	1.914626	-1.384046	1.883210	3.769911	0.000000	0.000000	0.000000	0.000000	0.000000	0.000000
38.593128	1.947787	0.258309	1.914626	-1.384046	1.883210	3.769911	0.000000	0.000000	0.000000	0.000000	0.000000	0.000000
38.693128	1.947787	0.258309	1.914626	-1.384046	1.883210	3.769911	0.000000	0.000000	0.000000	0.000000	0.000000	0.000000
38.793128	1.947787	0.258309	1.914626	-1.384046	1.883210	3.769911	0.000000	0.000000	0.000000	0.000000	0.000000	0.000000
38.893128	1.947787	0.258309	1.914626	-1.384046	1.883210	3.769911	0.000000	0.000000	0.000000	0.000000	0.000000	0.000000
38.993128	1.947787	0.258309	1.914626	-1.384046	1.883210	3.769911	0.000000	0.000000	0.000000	0.000000	0.000000	0.000000
39.026462	1.947787	0.256121	1.913532	-1.385140	1.883210	3.766629	-0.045952	-0.157549	-0.078774	-0.108315	0.000000	-0.265863
39.059795	1.946406	0.251364	1.910117	-1.388555	1.883210	3.757767	-0.044288	-0.249255	-0.179551	-0.166570	0.037306	-0.461421
39.093128	1.949533	0.242601	1.895428	-1.394518	1.890192	3.733259	0.324631	0.036652	-0.403171	0.052360	0.356047	-0.272271
39.126462	1.955506	0.244773	1.889455	-1.392889	1.896164	3.731087	0.464723	0.132761	-0.492765	0.124035	0.494510	-0.238063
39.159795	1.982476	0.255691	1.864775	-1.383173	1.923898	3.724751	0.923825	0.450950	-0.794234	0.360629	0.945423	-0.118791
39.193315	2.022374	0.275584	1.831527	-1.366058	1.964778	3.721861	1.238906	0.674337	-0.985153	0.527271	1.224136	-0.029328
39.231963	2.070719	0.302625	1.793629	-1.345573	2.011075	3.722066	1.221853	0.707823	-0.950897	0.563313	1.167171	0.045061
39.271953	2.111267	0.326522	1.762492	-1.326741	2.048726	3.724242	1.213309	0.740133	-0.938714	0.598653	1.138750	0.097836
39.309587	2.159480	0.356238	1.725496	-1.302269	2.092713	3.729197	1.250488	0.800717	-0.937824	0.674825	1.117007	0.162403
39.343272	2.197396	0.381261	1.696970	-1.281206	2.126214	3.735085	1.274445	0.859621	-0.938377	0.761176	1.043039	0.225746
39.376605	2.256267	0.424707	1.653773	-1.240337	2.170450	3.749470	0.805454	0.717774	-0.599920	0.696741	0.471327	0.288246
39.409939	2.269364	0.438601	1.643751	-1.226443	2.175684	3.756210	0.514305	0.597164	-0.389296	0.649917	0.129983	0.301462
39.443272	2.279345	0.462076	1.637119	-1.196205	2.161263	3.773020	-0.193896	0.380918	0.155281	0.632900	-0.886847	0.466167
39.476605	2.264360	0.474210	1.647145	-1.173827	2.120612	3.790112	-0.605481	0.316833	0.503435	0.698726	-1.522670	0.616621
39.511902	2.235767	0.483456	1.670280	-1.150172	2.057743	3.813544	-0.934563	0.247239	0.746662	0.677435	-1.982857	0.702159
39.545602	2.216917	0.487740	1.684846	-1.137320	2.020044	3.826396	-1.116111	0.233523	0.886260	0.729855	-2.262354	0.781174
39.578935	2.183252	0.493812	1.711354	-1.116390	1.953256	3.848412	-1.329359	0.191521	1.049292	0.759218	-2.561678	0.842645
39.612269	2.128299	0.499870	1.756210	-1.088120	1.847821	3.881538	-1.511975	0.134687	1.190798	0.751866	-2.819301	0.873073
39.645602	2.078595	0.504125	1.796128	-1.064835	1.757271	3.909813	-1.573828	0.101964	1.258566	0.723669	-2.909005	0.890945
39.678935	1.994911	0.507891	1.862266	-1.027999	1.607448	3.954916	-1.549852	0.047124	1.240929	0.623083	-2.754130	0.816814
39.712269	1.949833	0.507891	1.898018	-1.010900	1.528172	3.978233	-1.442596	0.028471	1.156990	0.567123	-2.548944	0.765518
39.745602	1.912146	0.509177	1.928130	-0.995940	1.460565	3.997814	-1.236520	0.014606	1.023222	0.479231	-2.242105	0.662766
39.778935	1.879800	0.509636	1.953211	-0.983399	1.404131	4.014714	-1.036483	0.004511	0.839046	0.384724	-1.819625	0.538904
39.812269	1.848935	0.509636	1.978164	-0.972000	1.351219	4.030522	-0.694938	0.000000	0.548887	0.247874	-1.198038	0.354933
39.845602	1.834373	0.509636	1.989902	-0.967171	1.327000	4.037431	-0.354981	0.000000	0.282937	0.126827	-0.631131	0.184617
39.878935	1.827360	0.509636	1.994911	-0.965167	1.315142	4.040437	-0.051814	0.000000	0.040906	0.019090	-0.095448	0.027271
39.978935	1.827360	0.509636	1.994911	-0.965167	1.314233	4.040437	0.000000	0.000000	0.000000	0.000000	0.000000	0.000000
40.078935	1.827360	0.509636	1.994911	-0.965167	1.314233	4.040437	0.000000	0.000000	0.000000	0.000000	0.000000	0.000000
40.178935	1.827360	0.509636	1.994911	-0.965167	1.314233	4.040437	0.000000	0.000000	0.000000	0.000000	0.000000	0.000000
40.278935	1.827360	0.509636	1.994911	-0.965167	1.314233	4.040437	0.000000	0.000000	0.000000	0.000000	0.000000	0.000000
40.378935	1.827360	0.509636	1.994911	-0.965167	1.314233	4.040437	0.000000	0.000000	0.000000	0.000000	0.000000	0.000000
40.478935	1.827360	0.509636	1.994911	-0.965167	1.314233	4.040437	0.000000	0.000000	0.000000	0.000000	0.000000	0.000000
40.578935	1.827360	0.509636	1.994911	-0.965167	1.314233	4.040437	0.000000	0.000000	0.000000	0.000000	0.000000	0.000000
40.678935	1.827360	0.509636	1.994911	-0.965167	1.314233	4.040437	0.000000	0.000000	0.000000	0.000000	0.000000	0.000000
40.778935	1.827360	0.509636	1.994911	-0.965167	1.314233	4.040437	0.000000	0.000000	0.000000	0.000000	0.000000	0.000000
40.878935	1.827360	0.509636	1.994911	-0.965167	1.314233	4.040437	0.000000	0.000000	0.000000	0.000000	0.000000	0.000000
40.912269	1.827360	0.509636	1.994911	-0.965167	1.314233	4.040437	0.073731	-0.044880	0.000000	-0.028851	0.012823	-0.041674
40.945602	1.834227	0.505058	1.994911	-0.968028	1.315377	4.036432	0.465488	-0.306778	0.017167	-0.210212	0.089613	-0.282658
40.985612	1.864047	0.485023	1.995837	-0.981303	1.320965	4.018496	1.259541	-0.845302	0.056353	-0.580984	0.247492	-0.773280
41.063015	1.948406	0.427896	2.000475	-1.020472	1.338231	3.966697	1.270369	-0.855760	0.058062	-0.581609	0.250288	-0.770733
41.172872	2.086949	0.333590	2.006431	-1.084315	1.365778	3.881263	1.327229	-0.898376	0.059207	-0.610392	0.262247	-0.812267
41.310394	2.340487	0.162316	2.017601	-1.200787	1.417207	3.724533	1.484882	-1.000074	0.067264	-0.685330	0.290631	-0.916312
41.448908	2.442516	0.093739	2.021782	-1.247620	1.437279	3.661810	1.503222	-1.009813	0.066178	-0.693702	0.294586	-0.926047
41.578867	2.607304	-0.017199	2.028691	-1.323578	1.469495	3.560544	1.567377	-1.051866	0.067289	-0.724205	0.310426	-0.964068
41.646845	2.911209	-0.223402	2.042035	-1.464331	1.530654	3.371976	2.041154	-1.391579	0.087295	-0.939701	0.415933	-1.265772
41.685252	3.029892	-0.303687	2.047271	-1.518436	1.553343	3.300418	2.508472	-1.717758	0.104520	-1.158805	0.499877	-1.558706
41.718585	3.106686	-0.354302	2.050762	-1.553343	1.569051	3.253294	1.649336	-1.099557	0.073304	-0.748746	0.329867	-1.031490
41.751918	3.139847	-0.378736	2.052507	-1.569051	1.576032	3.232350	0.434587	-0.282743	0.015708	-0.120428	0.078540	-0.267035
41.785252	3.145083	-0.378736	2.052507	-1.558579	1.576032	3.227114	0.020944	0.130900	0.010472	0.895354	-0.062832	-0.198968
41.818585	3.145083	-0.370010	2.052507	-1.507964	1.570796	3.214896	0.047124	0.329867	0.031416	2.120575	-0.167552	-0.497419
41.851918	3.145566	-0.366148	2.052990	-1.482379	1.568865	3.208621	0.052917	0.386349	0.035761	2.475399	-0.195069	-0.575625
41.885252	3.150319	-0.335103	2.055998	-1.282817	1.553343	3.160791	0.104720	0.743510	0.068068	4.675737	-0.356047	-1.057670
41.923303	3.153446	-0.310087	2.059125	-1.124901	1.540835	3.123267	0.116388	0.807456	0.076063	5.061557	-0.410513	-1.193602
41.969023	3.155489	-0.295981	2.060608	-1.036561	1.533782	3.102668	0.104152	0.731224	0.068570	4.595071	-0.370798	-1.089057
42.097452	3.166027	-0.232129	2.066470	-0.631809	1.500983	3.007202	0.047565	0.334311	0.028539	2.133611	-0.165796	-0.500107
42.286644	3.171263	-0.188496	2.069960	-0.352557	1.478294	2.940880	0.033211	0.237087	0.021218	1.476950	-0.115315	-0.349634
42.516566	3.176915	-0.153173	2.072786	-0.126495	1.461339	2.887190	0.027942	0.190171	0.016230	1.208550	-0.096730	-0.285853
42.779889	3.183139	-0.102443	2.076714	0.186105	1.436140	2.812560	0.023285	0.168137	0.015778	1.059443	-0.082981	-0.249836
43.044318	3.187931	-0.071668	2.080280	0.382227	1.420196	2.765954	0.023943	0.166387	0.015841	1.054560	-0.083767	-0.247151
43.297400	3.194098	-0.033125	2.083996	0.628900	1.400154	2.708278	0.025516	0.171660	0.015833	1.100620	-0.087554	-0.259387
43.517451	3.200701	0.013846	2.087840	0.928865	1.376250	2.637154	0.026385	0.187518	0.016956	1.190552	-0.095002	-0.281850
43.690710	3.206606	0.055851	2.091777	1.202532	1.353939	2.572179	0.028961	0.202981	0.017377	1.267247	-0.100231	-0.293643
43.817119	3.211034	0.091091	2.094209	1.428571	1.336662	2.518102	0.031257	0.216975	0.019624	1.355200	-0.108811	-0.320469
43.917767	3.213857	0.110179	2.096846	1.551561	1.326599	2.488765	0.030845	0.215396	0.019407	1.366791	-0.112826	-0.324237
43.992170	3.216900	0.126957	2.097886	1.655348	1.317950	2.464340	0.030799	0.212903	0.019418	1.364124	-0.109775	-0.319332
44.033098	3.219538	0.140146	2.099037	1.741393	1.310779	2.444724	0.032844	0.218568	0.021412	1.381723	-0.104339	-0.315830
44.066432	3.220132	0.149226	2.100649	1.777036	1.308997	2.431825	0.013090	0.454658	0.088139	0.740892	0.070686	-0.559815
44.099765	3.220132	0.169232	2.104932	1.790772	1.314685	2.407520	0.000000	1.060193	0.232129	0.354884	0.339952	-1.242483
44.153291	3.220132	0.265290	2.125811	1.811652	1.347394	2.293363	-0.003261	1.689036	0.378240	0.361936	0.583663	-2.008584
44.223370	3.220132	0.373500	2.148500	1.834341	1.384046	2.165954	-0.002491	1.743372	0.383542	0.366108	0.597728	-2.059669
44.286762	3.218696	0.474023	2.170041	1.855882	1.418511	2.045327	-0.002753	1.811731	0.403610	0.382072	0.615469	-2.154595
44.330604	3.218387	0.575994	2.193665	1.878046	1.453681	1.924421	-0.000650	1.910770	0.410687	0.408818	0.655961	-2.297814
44.363938	3.218387	0.644530	2.207942	1.892038	1.475709	1.842463	0.000000	1.420664	0.311642	0.298753	0.498224	-1.730191
44.397271	3.218387	0.674024	2.213841	1.897936	1.485384	1.807070	0.000000	0.452257	0.099811	0.092611	0.156752	-0.539305
44.430604	3.218387	0.678933	2.214823	1.898918	1.488213	1.801180	0.000000	0.022078	0.011083	0.009425	0.010297	-0.017452
44.463938	3.218387	0.677158	2.214823	1.898918	1.487878	1.802955	0.000000	-0.127616	-0.019790	-0.019790	-0.040823	0.160452
44.497271	3.218387	0.661480	2.211332	1.895428	1.481785	1.822124	0.000000	-0.413643	-0.083776	-0.083776	-0.136136	0.471239
44.530604	3.218387	0.645772	2.207842	1.891937	1.476549	1.841322	0.005236	-0.570723	-0.120428	-0.115192	-0.178024	0.659734
44.563938	3.218387	0.623083	2.204351	1.888446	1.469567	1.867502	0.000000	-0.712094	-0.157080	-0.151844	-0.240855	0.869174
44.597271	3.218387	0.598610	2.197825	1.881920	1.461410	1.896869	0.004895	-0.854036	-0.181552	-0.181211	-0.299590	1.016010
44.630604	3.218387	0.565487	2.190388	1.874484	1.448623	1.937315	0.000000	-1.031490	-0.225147	-0.214675	-0.356047	1.240929
44.663938	3.218387	0.532575	2.184404	1.868500	1.438151	1.974716	0.000000	-1.166130	-0.247587	-0.241604	-0.400927	1.393521
44.697271	3.218387	0.487820	2.173589	1.859321	1.423316	2.030036	0.000000	-1.370192	-0.290597	-0.280453	-0.447677	1.605485
44.730604	3.219968	0.442523	2.163451	1.849292	1.408217	2.082309	0.000000	-1.424979	-0.302699	-0.301711	-0.478747	1.708019
44.763938	3.220132	0.397187	2.153701	1.839541	1.392132	2.135606	0.004381	-1.451330	-0.325593	-0.294925	-0.481711	1.713023
44.797271	3.220132	0.352366	2.143804	1.831009	1.377001	2.188675	0.001142	-1.332797	-0.297119	-0.285028	-0.477617	1.642577
44.830604	3.220132	0.310874	2.135017	1.821302	1.363171	2.238573	0.000000	-1.220498	-0.272374	-0.255434	-0.421856	1.474905
44.863938	3.220132	0.276824	2.127480	1.814384	1.352175	2.279097	0.000000	-1.114127	-0.247913	-0.226969	-0.364925	1.306265
44.897271	3.220132	0.244065	2.120125	1.807711	1.340497	2.318529	0.000000	-0.965364	-0.203106	-0.193985	-0.316693	1.127004
44.930604	3.220132	0.215901	2.114188	1.801774	1.330349	2.352630	0.000000	-0.788740	-0.163541	-0.163541	-0.269486	0.954509
44.963938	3.220132	0.195222	2.109776	1.797362	1.323687	2.377029	0.000000	-0.652971	-0.137336	-0.137336	-0.225366	0.792597
44.997271	3.220132	0.173660	2.104867	1.792453	1.316851	2.402446	0.000000	-0.486947	-0.099484	-0.099484	-0.162316	0.570723
45.030604	3.220132	0.155334	2.101376	1.788962	1.310742	2.424262	0.000000	-0.256563	-0.052360	-0.047124	-0.078540	0.308923
45.063938	3.220132	0.150808	2.099868	1.787454	1.309234	2.430297	0.000000	-0.116257	-0.020678	-0.019968	-0.033280	0.141461
45.097271	3.220132	0.149567	2.099631	1.787217	1.308466	2.431775	0.000000	-0.067157	-0.010927	-0.010927	-0.018212	0.084914
45.130604	3.219848	0.146266	2.099441	1.774076	1.308295	2.436120	-0.003558	-0.030712	-0.002135	-0.162391	0.012951	0.053424
45.163938	3.218350	0.135279	2.098443	1.704912	1.313788	2.452600	-0.022285	-0.164795	-0.013371	-1.017078	0.081117	0.251927
45.197271	3.216852	0.124293	2.097444	1.635748	1.319282	2.469079	-0.041012	-0.298878	-0.024607	-1.871765	0.149282	0.450430
45.230604	3.215353	0.113307	2.096445	1.566584	1.324775	2.485559	-0.059738	-0.432962	-0.035843	-2.726452	0.217447	0.648933
45.263938	3.213855	0.102320	2.095446	1.497420	1.330268	2.502038	-0.078465	-0.567045	-0.047079	-3.581139	0.285612	0.847436
45.297271	3.212357	0.091334	2.094448	1.428256	1.335761	2.518518	-0.097192	-0.701128	-0.058315	-4.435826	0.353777	1.045939
45.330604	3.210859	0.080348	2.093449	1.359092	1.341254	2.534997	-0.115918	-0.835211	-0.069551	-5.290512	0.421943	1.244442
45.375536	3.207944	0.060114	2.091505	1.231087	1.351371	2.565348	-0.103478	-0.745041	-0.063360	-4.746675	0.377678	1.119981
45.481888	3.199442	0.000113	2.085837	0.834633	1.383033	2.658671	-0.060164	-0.396640	-0.032742	-2.565175	0.205506	0.616519
45.598878	3.192207	-0.045379	2.082178	0.542797	1.406735	2.727950	-0.053707	-0.372966	-0.032821	-2.381017	0.187975	0.565417
45.707535	3.185891	-0.086435	2.079020	0.290140	1.427264	2.787956	-0.057826	-0.405926	-0.036791	-2.573773	0.205296	0.608775
45.801375	3.181276	-0.123673	2.076054	0.054197	1.446541	2.844305	-0.066957	-0.464944	-0.038569	-2.974414	0.232456	0.704904
45.881558	3.175890	-0.160016	2.072121	-0.176943	1.464414	2.899546	-0.075804	-0.553497	-0.047369	-3.483439	0.277578	0.824960
45.953274	3.170732	-0.192252	2.068822	-0.382530	1.480457	2.947975	-0.082745	-0.618369	-0.054388	-3.885279	0.313205	0.922368
46.013270	3.164311	-0.235391	2.065325	-0.657704	1.502614	3.012095	-0.097955	-0.694649	-0.059183	-4.463045	0.354144	1.062480
46.048967	3.155555	-0.300197	2.059489	-1.061160	1.535890	3.108431	-0.122233	-0.914300	-0.078229	-5.793827	0.464484	1.378784
46.083639	3.154113	-0.312452	2.058768	-1.137575	1.541657	3.126454	-0.115450	-0.864394	-0.074304	-5.455674	0.442867	1.301023
46.116972	3.150208	-0.341936	2.055886	-1.322292	1.556351	3.170632	-0.090794	-0.668423	-0.059712	-4.250616	0.352705	1.013775
46.150305	3.147009	-0.359598	2.054253	-1.434661	1.565199	3.197142	-0.064457	-0.478641	-0.040624	-3.087245	0.254397	0.730691
46.183639	3.145083	-0.371220	2.053661	-1.510611	1.570824	3.214390	-0.038256	-0.304363	-0.020859	-1.962058	0.158262	0.462709
46.216972	3.143474	-0.380209	2.052507	-1.569160	1.575896	3.228450	-0.001636	-0.027979	-0.000818	-0.233981	0.021435	0.059886
46.316972	3.143338	-0.380482	2.052507	-1.570796	1.576032	3.228859	0.000000	0.000000	0.000000	0.000000	0.000000	0.000000
46.416972	3.143338	-0.380482	2.052507	-1.570796	1.576032	3.228859	0.000000	0.000000	0.000000	0.000000	0.000000	0.000000
46.516972	3.143338	-0.380482	2.052507	-1.570796	1.576032	3.228859	0.000000	0.000000	0.000000	0.000000	0.000000	0.000000
46.616972	3.143338	-0.380482	2.052507	-1.570796	1.576032	3.228859	0.000000	0.000000	0.000000	0.000000	0.000000	0.000000
46.716972	3.143338	-0.380482	2.052507	-1.570796	1.576032	3.228859	0.000000	0.000000	0.000000	0.000000	0.000000	0.000000
46.816972	3.143338	-0.380482	2.052507	-1.570796	1.576032	3.228859	0.000000	0.000000	0.000000	0.000000	0.000000	0.000000
46.916972	3.143338	-0.380482	2.052507	-1.570796	1.576032	3.228859	0.000000	0.000000	0.000000	0.000000	0.000000	0.000000
47.016972	3.143338	-0.380482	2.052507	-1.570796	1.576032	3.228859	0.000000	0.000000	0.000000	0.000000	0.000000	0.000000
47.058972	3.143338	-0.380482	2.052507	-1.570796	1.576032	3.228859	0.000000	0.000000	0.000000	0.000000	0.000000	0.000000
