0.000000	0.319136	0.094291	-1.439640	-0.237733	-1.604869	-0.093996	0.000000	0.000000	0.000000	0.000000	0.000000	0.000000
0.100000	0.319136	0.094291	-1.439640	-0.237733	-1.604869	-0.093996	0.000000	0.000000	0.000000	0.000000	0.000000	0.000000
0.200000	0.319136	0.094291	-1.439640	-0.237733	-1.604869	-0.093996	0.000000	0.000000	0.000000	0.000000	0.000000	0.000000
0.300000	0.319136	0.094291	-1.439640	-0.237733	-1.604869	-0.093996	0.000000	0.000000	0.000000	0.000000	0.000000	0.000000
0.400000	0.319136	0.094291	-1.439640	-0.237733	-1.604869	-0.093996	0.000000	0.000000	0.000000	0.000000	0.000000	0.000000
0.500000	0.319136	0.094291	-1.439640	-0.237733	-1.604869	-0.093996	0.000000	0.000000	0.000000	0.000000	0.000000	0.000000
0.600000	0.319136	0.094291	-1.439640	-0.237733	-1.604869	-0.093996	0.000000	0.000000	0.000000	0.000000	0.000000	0.000000
0.700000	0.319136	0.094291	-1.439640	-0.237733	-1.604869	-0.093996	0.000000	0.000000	0.000000	0.000000	0.000000	0.000000
0.800000	0.319136	0.094291	-1.439640	-0.237733	-1.604869	-0.093996	0.000000	0.000000	0.000000	0.000000	0.000000	0.000000
0.900000	0.319136	0.094291	-1.439640	-0.237733	-1.604869	-0.093996	0.000000	0.000000	0.000000	0.000000	0.000000	0.000000
1.000000	0.319136	0.094291	-1.439640	-0.237733	-1.604869	-0.093996	0.000000	0.000000	0.000000	0.000000	0.000000	0.000000
1.100000	0.319136	0.094291	-1.439640	-0.237733	-1.604869	-0.093996	0.000000	0.000000	0.000000	0.000000	0.000000	0.000000
1.200000	0.319136	0.094285	-1.439640	-0.237733	-1.604869	-0.093996	0.000000	0.000000	0.000000	0.000000	0.000000	0.000000
1.300000	0.319136	0.094285	-1.439640	-0.237733	-1.604869	-0.093996	0.000000	0.000000	0.000000	0.000000	0.000000	0.000000
1.400000	0.319136	0.094285	-1.439640	-0.237733	-1.604869	-0.093996	0.000000	0.000000	0.000000	0.000000	0.000000	0.000000
1.500000	0.319136	0.094285	-1.439640	-0.237733	-1.604869	-0.093996	0.000000	0.000000	0.000000	0.000000	0.000000	0.000000
1.600000	0.319136	0.094285	-1.439640	-0.237733	-1.604869	-0.093996	0.000000	0.000000	0.000000	0.000000	0.000000	0.000000
1.700000	0.319136	0.094285	-1.439640	-0.237733	-1.604869	-0.093996	0.000000	0.000000	0.000000	0.000000	0.000000	0.000000
1.800000	0.319136	0.094285	-1.439640	-0.237733	-1.604869	-0.093996	0.000000	0.000000	0.000000	0.000000	0.000000	0.000000
1.900000	0.319136	0.094285	-1.439640	-0.237733	-1.604869	-0.093996	0.000000	0.000000	0.000000	0.000000	0.000000	0.000000
2.000000	0.319136	0.094285	-1.439640	-0.237733	-1.604869	-0.093996	0.000000	0.000000	0.000000	0.000000	0.000000	0.000000
2.100000	0.319136	0.094285	-1.439640	-0.237733	-1.604869	-0.093996	0.000000	0.000000	0.000000	0.000000	0.000000	0.000000
2.200000	0.319136	0.094285	-1.439640	-0.237733	-1.604869	-0.093996	0.000000	0.000000	0.000000	0.000000	0.000000	0.000000
2.300000	0.319136	0.094285	-1.439640	-0.237733	-1.604869	-0.093996	0.000000	0.000000	0.000000	0.000000	0.000000	0.000000
2.400000	0.319136	0.094285	-1.439640	-0.237733	-1.604869	-0.093996	0.000000	0.000000	0.000000	0.000000	0.000000	0.000000
2.500000	0.319136	0.094285	-1.439640	-0.237733	-1.604869	-0.093996	0.000000	0.000000	0.000000	0.000000	0.000000	0.000000
2.600000	0.319136	0.094285	-1.439640	-0.237733	-1.604869	-0.093996	0.000000	0.000000	0.000000	0.000000	0.000000	0.000000
2.700000	0.319136	0.094291	-1.439640	-0.237733	-1.604869	-0.093996	0.000000	0.000000	0.000000	0.000000	0.000000	0.000000
2.800000	0.319136	0.094291	-1.439640	-0.237733	-1.604869	-0.093996	0.000000	0.000000	0.000000	0.000000	0.000000	0.000000
2.900000	0.319136	0.094291	-1.439640	-0.237733	-1.604869	-0.093996	0.000000	0.000000	0.000000	0.000000	0.000000	0.000000
3.000000	0.319136	0.094291	-1.439640	-0.237733	-1.604869	-0.093996	0.000000	0.000000	0.000000	0.000000	0.000000	0.000000
3.100000	0.319136	0.094291	-1.439633	-0.237733	-1.604869	-0.093996	0.000000	0.000000	0.000000	0.000000	0.000000	0.000000
3.200000	0.319136	0.094291	-1.439640	-0.237733	-1.604869	-0.093996	0.000000	0.000000	0.000000	0.000000	0.000000	0.000000
3.300000	0.319136	0.094291	-1.439640	-0.237733	-1.604869	-0.093996	0.000000	0.000000	0.000000	0.000000	0.000000	0.000000
3.400000	0.319136	0.094291	-1.439640	-0.237733	-1.604869	-0.093996	0.000000	0.000000	0.000000	0.000000	0.000000	0.000000
3.500000	0.319136	0.094291	-1.439640	-0.237733	-1.604869	-0.093996	0.000000	0.000000	0.000000	0.000000	0.000000	0.000000
3.600000	0.319136	0.094291	-1.439640	-0.237733	-1.604869	-0.093996	0.000000	0.000000	0.000000	0.000000	0.000000	0.000000
3.700000	0.319136	0.094291	-1.439633	-0.237733	-1.604869	-0.093996	0.000000	0.000000	0.000000	0.000000	0.000000	0.000000
3.800000	0.319136	0.094291	-1.439640	-0.237733	-1.604869	-0.093996	0.000000	0.000000	0.000000	0.000000	0.000000	0.000000
3.900000	0.319136	0.094291	-1.439640	-0.237733	-1.604869	-0.093996	0.000000	0.000000	0.000000	0.000000	0.000000	0.000000
4.000000	0.319136	0.094291	-1.439640	-0.237733	-1.604869	-0.093996	0.000000	0.000000	0.000000	0.000000	0.000000	0.000000
4.100000	0.319136	0.094291	-1.439633	-0.237733	-1.604869	-0.093996	0.000000	0.000000	0.000000	0.000000	0.000000	0.000000
4.200000	0.319136	0.094291	-1.439633	-0.237733	-1.604869	-0.093996	0.000000	0.000000	0.000000	0.000000	0.000000	0.000000
4.300000	0.319136	0.094291	-1.439640	-0.237733	-1.604869	-0.093996	0.000000	0.000000	0.000000	0.000000	0.000000	0.000000
4.400000	0.319136	0.094291	-1.439640	-0.237733	-1.604869	-0.093996	0.000000	0.000000	0.000000	0.000000	0.000000	0.000000
4.500000	0.319136	0.094291	-1.439640	-0.237733	-1.604869	-0.093996	0.000000	0.000000	0.000000	0.000000	0.000000	0.000000
4.600000	0.319136	0.094291	-1.439633	-0.237733	-1.604869	-0.093996	0.000000	0.000000	0.000000	0.000000	0.000000	0.000000
4.700000	0.319136	0.094291	-1.439640	-0.237733	-1.604869	-0.093996	0.000000	0.000000	0.000000	0.000000	0.000000	0.000000
4.800000	0.319136	0.094291	-1.439640	-0.237733	-1.604869	-0.093996	0.000000	0.000000	0.000000	0.000000	0.000000	0.000000
4.900000	0.319136	0.094291	-1.439633	-0.237733	-1.604869	-0.093996	0.000000	0.000000	0.000000	0.000000	0.000000	0.000000
5.000000	0.319136	0.094291	-1.439633	-0.237733	-1.604869	-0.093996	0.000000	0.000000	0.000000	0.000000	0.000000	0.000000
5.100000	0.319136	0.094291	-1.439633	-0.237733	-1.604869	-0.093996	0.000000	0.000000	0.000000	0.000000	0.000000	0.000000
5.200000	0.319136	0.094291	-1.439633	-0.237733	-1.604869	-0.093996	0.000000	0.000000	0.000000	0.000000	0.000000	0.000000
5.300000	0.319136	0.094285	-1.439633	-0.237733	-1.604869	-0.093996	0.000000	0.000000	0.000000	0.000000	0.000000	0.000000
5.400000	0.319136	0.094285	-1.439633	-0.237733	-1.604869	-0.093996	0.000000	0.000000	0.000000	0.000000	0.000000	0.000000
5.500000	0.319136	0.094285	-1.439633	-0.237733	-1.604869	-0.093996	0.000000	0.000000	0.000000	0.000000	0.000000	0.000000
5.600000	0.319136	0.094285	-1.439633	-0.237733	-1.604869	-0.093996	0.000000	0.000000	0.000000	0.000000	0.000000	0.000000
5.633333	0.319136	0.094285	-1.439633	-0.237733	-1.604869	-0.093996	0.000000	-0.000017	-0.000018	0.000000	0.000000	0.005207
5.666667	0.319136	0.094285	-1.439633	-0.237733	-1.604869	-0.093996	0.000734	0.000187	0.000231	0.000000	0.000000	0.012159
5.700000	0.319136	0.094285	-1.439633	-0.237733	-1.604869	-0.093996	0.012131	-0.000068	0.001297	0.000548	0.000000	0.015926
5.733333	0.319136	0.094285	-1.439633	-0.237733	-1.604869	-0.093996	0.029413	0.000068	0.010949	-0.001985	0.000000	0.017235
5.766667	0.319136	0.094285	-1.439633	-0.237733	-1.604869	-0.093996	0.047391	0.016356	0.020743	-0.013107	0.000000	0.017744
5.800000	0.319136	0.094285	-1.439640	-0.237733	-1.604869	-0.093996	0.059298	0.048201	0.009260	-0.034325	0.000000	0.017802
5.833333	0.319136	0.094360	-1.439552	-0.237578	-1.604869	-0.093996	0.059298	0.082965	-0.017685	-0.040108	0.004396	0.017788
5.866667	0.319136	0.094260	-1.439179	-0.238296	-1.604869	-0.093996	0.061028	0.108177	-0.043885	-0.033606	0.044216	0.017773
5.900000	0.319503	0.094310	-1.435801	-0.241447	-1.604210	-0.093773	0.061053	0.108177	-0.043885	-0.020568	0.103104	0.017759
5.933333	0.325201	0.100282	-1.432373	-0.247459	-1.598237	-0.091513	0.061078	0.111469	-0.047315	-0.020568	0.165225	0.017744
5.966667	0.333842	0.111959	-1.436392	-0.249097	-1.589403	-0.088265	0.061115	0.111570	-0.047422	-0.019062	0.206595	0.017744
6.000000	0.342832	0.124706	-1.445823	-0.247255	-1.580085	-0.084881	0.061127	0.111604	-0.047848	-0.018788	0.189465	0.017759
6.033333	0.348785	0.133950	-1.454993	-0.243561	-1.573686	-0.082506	0.061127	0.111435	-0.047742	-0.010027	0.152555	0.017541
6.066667	0.348785	0.133950	-1.454993	-0.243561	-1.573686	-0.082506	0.061127	0.111740	-0.054691	0.005236	0.067227	0.016275
6.100000	0.349650	0.135157	-1.456194	-0.242960	-1.572726	-0.082127	0.061065	0.111604	-0.064716	0.019849	0.021332	0.011432
6.133333	0.349662	0.135194	-1.456231	-0.242950	-1.572736	-0.082137	0.053164	0.095317	-0.067631	0.018651	0.006206	0.005774
6.166667	0.349675	0.135207	-1.456250	-0.242950	-1.572745	-0.082137	0.029910	0.063471	-0.038410	0.009000	-0.000194	-0.000553
6.200000	0.349693	0.135219	-1.456256	-0.242940	-1.572755	-0.082147	-0.039503	0.025806	-0.016139	0.002259	-0.000387	-0.007418
6.233333	0.349700	0.135232	-1.456268	-0.242930	-1.572774	-0.082157	-0.111716	-0.012589	-0.010913	0.008111	-0.000387	-0.016348
6.266667	0.349700	0.135232	-1.456268	-0.242930	-1.572794	-0.082166	-0.191805	-0.044367	-0.021453	0.027275	-0.000259	-0.024347
6.300000	0.349700	0.135232	-1.456268	-0.242930	-1.572794	-0.082166	-0.261194	-0.077740	-0.033931	0.077855	-0.000065	-0.030121
6.339379	0.349669	0.135232	-1.456274	-0.242921	-1.572784	-0.082157	-0.270341	-0.094514	-0.040713	0.106487	-0.000164	-0.036910
6.387286	0.345718	0.134168	-1.456977	-0.240710	-1.572784	-0.082719	-0.264323	-0.099362	-0.042938	0.125319	-0.001080	-0.038020
6.441331	0.334458	0.129334	-1.458813	-0.235222	-1.572813	-0.084338	-0.245909	-0.107521	-0.046262	0.142242	-0.001914	-0.038574
6.505673	0.305450	0.117682	-1.463590	-0.220891	-1.573026	-0.088769	-0.239116	-0.106890	-0.046188	0.145911	-0.002311	-0.036039
6.574202	0.277984	0.106652	-1.468100	-0.207306	-1.573249	-0.092929	-0.253449	-0.105271	-0.045407	0.162150	-0.002704	-0.037099
6.653535	0.246929	0.094254	-1.473071	-0.191909	-1.573453	-0.097506	-0.243664	-0.105241	-0.045377	0.146020	-0.002417	-0.035658
6.742573	0.218188	0.082845	-1.477849	-0.177587	-1.573618	-0.101869	-0.238883	-0.105877	-0.045548	0.146850	-0.002154	-0.034293
6.844364	0.189099	0.071299	-1.482514	-0.163120	-1.573773	-0.106223	-0.240924	-0.102118	-0.043654	0.133528	-0.001461	-0.032168
6.953656	0.159705	0.059578	-1.487473	-0.148479	-1.573948	-0.110605	-0.242342	-0.100688	-0.041368	0.126879	-0.001479	-0.032555
7.072112	0.150311	0.055877	-1.488941	-0.143796	-1.573996	-0.112050	-0.237765	-0.098827	-0.041523	0.117399	-0.001437	-0.030974
7.193424	0.118895	0.043391	-1.494073	-0.128214	-1.574238	-0.116714	-0.242945	-0.096981	-0.040575	0.123334	-0.001474	-0.031412
7.315726	0.089165	0.031534	-1.498956	-0.113417	-1.574481	-0.121213	-0.239029	-0.095642	-0.040131	0.117748	-0.001621	-0.031336
7.436030	0.059740	0.019826	-1.503890	-0.098824	-1.574685	-0.125635	-0.237980	-0.097892	-0.039723	0.119863	-0.001791	-0.031550
7.552399	0.030657	0.008286	-1.508493	-0.084328	-1.574840	-0.129959	-0.234344	-0.100095	-0.040680	0.134387	-0.001667	-0.031238
7.665487	-0.018159	-0.011092	-1.516649	-0.060059	-1.575111	-0.137319	-0.224840	-0.099528	-0.042976	0.136519	-0.001677	-0.030485
7.773588	-0.047622	-0.022763	-1.521308	-0.045388	-1.575276	-0.141779	-0.217305	-0.104335	-0.042262	0.135495	-0.001913	-0.029941
7.871997	-0.076754	-0.034414	-1.526211	-0.030921	-1.575470	-0.146113	-0.218817	-0.103535	-0.041782	0.137675	-0.002234	-0.030564
7.964235	-0.107623	-0.046701	-1.531287	-0.015553	-1.575722	-0.150729	-0.226686	-0.098868	-0.039490	0.129263	-0.002079	-0.029413
8.047463	-0.133054	-0.056829	-1.535461	-0.002928	-1.575916	-0.154568	-0.226075	-0.096858	-0.038327	0.122836	-0.001942	-0.030011
8.121551	-0.151468	-0.064232	-1.538503	0.006235	-1.576023	-0.157341	-0.227208	-0.094661	-0.036849	0.107270	-0.001513	-0.032725
8.182280	-0.162125	-0.068188	-1.540152	0.011558	-1.576071	-0.158864	-0.244891	-0.086487	-0.034878	0.102243	-0.000745	-0.036332
8.234045	-0.163214	-0.068686	-1.540488	0.012227	-1.576071	-0.159038	-0.249831	-0.080966	-0.032173	0.086230	-0.000500	-0.038717
8.273093	-0.163263	-0.068779	-1.540513	0.012237	-1.576071	-0.159067	-0.247852	-0.080208	-0.030452	0.057376	-0.000111	-0.052320
8.306426	-0.163301	-0.068848	-1.540494	0.012208	-1.576071	-0.159096	-0.231420	-0.060451	-0.017934	0.041135	0.000000	-0.076562
8.339760	-0.163325	-0.068860	-1.540469	0.012198	-1.576071	-0.159096	-0.173092	-0.032830	-0.010736	0.009137	0.000000	-0.126915
8.373093	-0.163338	-0.068866	-1.540457	0.012179	-1.576071	-0.159096	-0.110758	-0.012640	-0.002471	0.001095	0.000000	-0.170519
8.406426	-0.163338	-0.068866	-1.540450	0.012179	-1.576071	-0.159096	-0.058440	-0.001849	-0.000267	-0.000205	0.000000	-0.220057
8.439760	-0.163338	-0.068866	-1.540444	0.012179	-1.576071	-0.159096	-0.017991	-0.000492	0.001831	-0.002019	0.000000	-0.285958
8.473093	-0.163332	-0.068866	-1.540438	0.012179	-1.576071	-0.159096	0.005698	-0.000390	0.003608	-0.007255	0.000000	-0.332471
8.506426	-0.163332	-0.068866	-1.540438	0.012179	-1.576071	-0.159096	0.011098	-0.001035	0.008425	-0.018309	-0.000130	-0.383565
8.539760	-0.163332	-0.068866	-1.540438	0.012179	-1.576071	-0.159096	0.013574	-0.001222	0.012087	-0.040348	-0.001099	-0.470686
8.573093	-0.163301	-0.068866	-1.540357	0.011655	-1.576091	-0.162500	0.016560	-0.001408	0.016548	-0.058315	-0.002779	-0.524879
8.606426	-0.163002	-0.068866	-1.539878	0.010142	-1.576236	-0.173292	0.018862	-0.001663	0.020103	-0.077205	-0.007304	-0.597223
8.639760	-0.162274	-0.068922	-1.539244	0.007001	-1.576488	-0.195981	0.023366	-0.001900	0.023604	-0.095206	-0.010213	-0.671021
8.673093	-0.160464	-0.069227	-1.537527	0.000747	-1.577167	-0.240070	0.026788	-0.002223	0.027586	-0.113378	-0.012670	-0.707935
8.706426	-0.159276	-0.069308	-1.536226	-0.004344	-1.577603	-0.276198	0.030371	-0.003427	0.033824	-0.131173	-0.015450	-0.744805
8.739760	-0.157664	-0.069383	-1.534659	-0.009696	-1.578030	-0.314101	0.032834	-0.003868	0.038303	-0.159373	-0.014996	-0.799244
8.773093	-0.156476	-0.069476	-1.533414	-0.014797	-1.578621	-0.350394	0.035746	-0.004072	0.043582	-0.176312	-0.014093	-0.872432
8.806426	-0.155020	-0.069563	-1.532183	-0.019945	-1.579019	-0.386658	0.036505	-0.004242	0.045644	-0.181309	-0.017129	-0.926843
8.839760	-0.153894	-0.069681	-1.530783	-0.025075	-1.579484	-0.422942	0.039789	-0.004360	0.045698	-0.182301	-0.016678	-0.999448
8.873093	-0.151655	-0.070123	-1.528599	-0.033792	-1.580308	-0.484620	0.042041	-0.003648	0.043618	-0.182130	-0.017841	-1.053917
8.906426	-0.149944	-0.070285	-1.527032	-0.040618	-1.580948	-0.533033	0.043758	-0.003919	0.044524	-0.164061	-0.018294	-1.128283
8.939760	-0.148153	-0.070359	-1.524973	-0.047444	-1.581579	-0.581786	0.043534	-0.004343	0.042889	-0.169844	-0.016419	-1.174956
8.973093	-0.146915	-0.070421	-1.523791	-0.052641	-1.582034	-0.618564	0.043908	-0.004988	0.043636	-0.170221	-0.014480	-1.207637
9.006426	-0.145459	-0.070521	-1.522354	-0.057858	-1.582626	-0.655633	0.044405	-0.004920	0.045217	-0.164027	-0.013381	-1.223200
9.039760	-0.145079	-0.070565	-1.521955	-0.059603	-1.582742	-0.667724	0.044592	-0.004768	0.043103	-0.169673	-0.013445	-1.225439
9.073093	-0.143406	-0.070745	-1.520021	-0.066419	-1.583314	-0.716138	0.044281	-0.003919	0.044684	-0.163616	-0.013963	-1.224159
9.106426	-0.141981	-0.070975	-1.518789	-0.071636	-1.583877	-0.752790	0.044629	-0.003919	0.042623	-0.164403	-0.016806	-1.206153
9.139760	-0.140395	-0.071305	-1.517259	-0.078443	-1.584381	-0.801174	0.042887	-0.004225	0.041894	-0.170221	-0.017130	-1.230923
9.173093	-0.138697	-0.071367	-1.515380	-0.085240	-1.585147	-0.849597	0.042738	-0.004784	0.042960	-0.176073	-0.016936	-1.218909
9.206426	-0.137322	-0.071429	-1.514017	-0.090350	-1.585544	-0.885871	0.040872	-0.004818	0.044578	-0.176107	-0.017195	-1.223694
9.239760	-0.135462	-0.071560	-1.512220	-0.097506	-1.586262	-0.936282	0.042415	-0.004869	0.045235	-0.169844	-0.015967	-1.249554
9.273093	-0.134180	-0.071722	-1.511025	-0.102625	-1.586708	-0.972556	0.042800	-0.004513	0.042427	-0.175868	-0.015967	-1.259488
9.306426	-0.132880	-0.071908	-1.509457	-0.107745	-1.587144	-1.008858	0.045575	-0.004208	0.044845	-0.164848	-0.014932	-1.294642
9.339760	-0.131580	-0.072176	-1.508207	-0.112884	-1.587707	-1.045152	0.047603	-0.003648	0.045058	-0.173164	-0.015643	-1.339264
9.373093	-0.130211	-0.072288	-1.506751	-0.118013	-1.588085	-1.081454	0.048710	-0.003953	0.045911	-0.170940	-0.015643	-1.387726
9.406426	-0.128575	-0.072350	-1.505227	-0.124849	-1.588783	-1.130236	0.049208	-0.005514	0.048061	-0.177921	-0.014738	-1.415826
9.439760	-0.127717	-0.072400	-1.504257	-0.128582	-1.589161	-1.156775	0.049730	-0.005310	0.050728	-0.196264	-0.016484	-1.427025
9.473093	-0.125707	-0.072518	-1.502291	-0.136039	-1.589733	-1.209436	0.052542	-0.005056	0.052114	-0.199378	-0.017389	-1.509593
9.506426	-0.124059	-0.072642	-1.500661	-0.142496	-1.590441	-1.254727	0.052517	-0.004903	0.052078	-0.208413	-0.020168	-1.518640
9.539760	-0.122292	-0.072817	-1.498813	-0.149575	-1.590984	-1.305215	0.054122	-0.005260	0.056682	-0.217276	-0.021331	-1.545853
9.573093	-0.119604	-0.073451	-1.496089	-0.159911	-1.591983	-1.378713	0.056885	-0.006159	0.058833	-0.236338	-0.022560	-1.552819
9.606426	-0.117626	-0.073507	-1.494011	-0.167629	-1.592749	-1.433235	0.057967	-0.006057	0.060983	-0.237228	-0.022818	-1.601383
9.639760	-0.115791	-0.073575	-1.492207	-0.175309	-1.593389	-1.487651	0.060343	-0.006261	0.063117	-0.251327	-0.023401	-1.607346
9.673093	-0.113831	-0.073706	-1.490340	-0.183007	-1.594193	-1.542105	0.061252	-0.006362	0.065764	-0.256050	-0.024306	-1.570389
9.706426	-0.111051	-0.074104	-1.487404	-0.193538	-1.595086	-1.617086	0.062745	-0.007380	0.066280	-0.256016	-0.022689	-1.529941
9.739760	-0.109203	-0.074546	-1.485575	-0.201295	-1.595822	-1.672103	0.061351	-0.007380	0.065996	-0.264674	-0.023659	-1.477290
9.773093	-0.107119	-0.074571	-1.483385	-0.209294	-1.596618	-1.728972	0.059410	-0.005802	0.066227	-0.255742	-0.024499	-1.422778
9.806426	-0.104438	-0.074695	-1.480723	-0.219688	-1.597451	-1.801558	0.056175	-0.005802	0.061979	-0.252457	-0.025534	-1.342813
9.839760	-0.102596	-0.074851	-1.478807	-0.227319	-1.598285	-1.855983	0.050950	-0.005735	0.058744	-0.241506	-0.025469	-1.300139
9.873093	-0.100040	-0.075348	-1.476150	-0.237481	-1.599226	-1.928511	0.047031	-0.005531	0.052825	-0.223128	-0.022301	-1.203492
9.906426	-0.097949	-0.075523	-1.474253	-0.245180	-1.599856	-1.982820	0.043460	-0.004513	0.047120	-0.198043	-0.019264	-1.122058
9.939760	-0.096344	-0.075579	-1.472324	-0.251929	-1.600593	-2.030826	0.040275	-0.003291	0.037272	-0.153007	-0.016937	-1.038922
9.973093	-0.095032	-0.075635	-1.471143	-0.256903	-1.600971	-2.066179	0.035111	-0.002986	-0.003928	-0.118888	-0.012088	-0.929504
10.006426	-0.094354	-0.075678	-1.470359	-0.259453	-1.601194	-2.084379	0.031951	-0.001680	-0.115017	-0.054824	-0.006658	-0.847605
10.039760	-0.094204	-0.075734	-1.470303	-0.260287	-1.601301	-2.090352	0.029102	-0.002426	-0.241623	0.101366	-0.003038	-0.761967
10.073093	-0.094130	-0.075759	-1.470290	-0.260393	-1.601320	-2.090904	0.023901	-0.009467	-0.372423	0.287569	-0.001293	-0.679355
10.106426	-0.094111	-0.075753	-1.471752	-0.258444	-1.601330	-2.090875	0.020380	-0.030692	-0.534897	0.472608	-0.000130	-0.594939
10.139760	-0.094061	-0.075666	-1.482689	-0.247953	-1.601320	-2.090749	0.015465	-0.048184	-0.630132	0.703197	0.000646	-0.457771
10.173093	-0.093694	-0.075311	-1.519847	-0.211485	-1.601301	-2.090478	0.011384	-0.060943	-0.687649	0.841967	0.001034	-0.375653
10.206426	-0.093495	-0.075740	-1.562056	-0.168366	-1.601223	-2.090197	0.008286	-0.067628	-0.713706	0.927865	0.001680	-0.293535
10.239760	-0.093228	-0.078820	-1.605771	-0.121572	-1.601165	-2.089780	0.006059	-0.067712	-0.715252	0.968487	0.001746	-0.210734
10.273093	-0.092568	-0.086776	-1.660161	-0.059710	-1.601078	-2.089275	0.005611	-0.069392	-0.713617	0.944189	0.001552	-0.107585
10.306426	-0.092487	-0.093246	-1.691937	-0.021623	-1.601049	-2.089033	0.005624	-0.083474	-0.676522	0.873657	0.001164	-0.047124
10.339760	-0.092406	-0.097980	-1.711266	0.002502	-1.601020	-2.088859	0.005773	-0.110026	-0.587349	0.696181	0.000776	-0.011505
10.373093	-0.092307	-0.100475	-1.720106	0.014108	-1.601010	-2.088713	0.005873	-0.138886	-0.413019	0.531299	0.000453	0.002502
10.406426	-0.092257	-0.100562	-1.720622	0.014864	-1.601010	-2.088703	0.005848	-0.156124	-0.267165	0.360085	0.000323	0.004858
10.439760	-0.092201	-0.101203	-1.720100	0.014709	-1.601000	-2.088665	0.005139	-0.149728	-0.142709	0.203382	0.000518	0.004858
10.473093	-0.092002	-0.106360	-1.714588	0.014147	-1.600981	-2.088480	0.004740	-0.128045	-0.035495	0.081004	0.000840	0.004712
10.506426	-0.091548	-0.116009	-1.703807	0.013158	-1.600942	-2.088141	0.004218	-0.110400	0.045751	0.001848	0.000969	0.004480
10.539760	-0.091392	-0.126236	-1.692398	0.011926	-1.600884	-2.087899	0.002924	-0.097488	0.095981	-0.012628	0.001099	0.004189
10.573093	-0.091243	-0.132986	-1.684734	0.011170	-1.600855	-2.087705	0.002750	-0.090719	0.104743	-0.013518	0.000841	0.004654
10.606426	-0.091175	-0.133720	-1.683856	0.011044	-1.600835	-2.087656	0.002588	-0.090447	0.105384	-0.012662	0.000517	0.004480
10.639760	-0.091137	-0.133726	-1.683850	0.011025	-1.600835	-2.087647	0.002501	-0.088462	0.097278	-0.009206	0.000194	0.005512
10.673093	-0.091125	-0.133726	-1.683850	0.011015	-1.600826	-2.087647	0.003683	-0.072853	0.080819	-0.008487	0.000065	0.005949
10.706426	-0.091125	-0.133726	-1.683850	0.011015	-1.600835	-2.087647	0.004118	-0.032151	0.108138	-0.016632	0.000194	0.007330
10.739760	-0.091119	-0.133739	-1.683844	0.010753	-1.600835	-2.087598	0.005487	0.017051	0.177493	-0.084939	0.000000	0.012523
10.773093	-0.091106	-0.133726	-1.683807	0.011063	-1.600806	-2.087656	0.005288	0.061842	0.283321	-0.187914	-0.001228	0.032507
10.806426	-0.091112	-0.133639	-1.682979	0.010016	-1.600826	-2.087656	0.005773	0.101543	0.448621	-0.317855	-0.009826	0.075835
10.839760	-0.091112	-0.133073	-1.679558	0.006700	-1.601010	-2.087598	-0.000149	0.130505	0.577147	-0.504503	-0.021525	0.142230
10.873093	-0.091056	-0.127798	-1.657890	-0.012974	-1.602309	-2.087259	-0.039180	0.158635	0.701157	-0.649434	-0.037557	0.219446
10.911830	-0.090416	-0.119984	-1.625454	-0.042198	-1.604045	-2.086657	-0.064710	0.157371	0.703599	-0.678703	-0.051175	0.259663
10.955841	-0.090142	-0.110310	-1.584887	-0.079044	-1.606440	-2.086095	-0.109121	0.151062	0.713887	-0.693745	-0.054980	0.289687
11.001585	-0.089259	-0.096487	-1.526833	-0.131927	-1.609795	-2.085174	-0.161629	0.145258	0.717887	-0.749781	-0.054642	0.338794
11.048628	-0.088904	-0.085874	-1.481849	-0.172991	-1.612326	-2.084466	-0.212703	0.134668	0.727570	-0.727850	-0.055559	0.406571
11.096003	-0.088506	-0.075560	-1.438445	-0.212474	-1.614750	-2.083370	-0.285363	0.122301	0.729493	-0.659933	-0.044209	0.480999
11.141319	-0.091318	-0.066670	-1.397673	-0.248477	-1.616640	-2.077436	-0.375370	0.106142	0.717295	-0.635341	-0.029908	0.544919
11.185889	-0.110764	-0.060605	-1.353896	-0.282792	-1.617484	-2.049627	-0.441106	0.077566	0.713592	-0.511547	-0.001643	0.636091
11.229311	-0.128737	-0.060636	-1.338997	-0.291470	-1.616611	-2.024718	-0.514494	0.044009	0.645783	-0.420204	0.024414	0.717685
11.274250	-0.163164	-0.063952	-1.322343	-0.297171	-1.614352	-1.977119	-0.576980	0.003826	0.559230	-0.266587	0.044113	0.753968
11.319339	-0.202026	-0.069339	-1.309055	-0.298577	-1.611404	-1.923518	-0.635420	-0.028710	0.459528	-0.168848	0.062315	0.811695
11.370445	-0.241212	-0.074888	-1.296109	-0.299149	-1.608505	-1.869015	-0.613007	-0.056492	0.359627	-0.078503	0.062990	0.768551
11.427205	-0.293891	-0.081955	-1.278641	-0.300216	-1.604520	-1.795827	-0.598489	-0.074241	0.283422	-0.033322	0.057703	0.749976
11.488756	-0.346266	-0.089290	-1.261502	-0.301292	-1.600651	-1.723290	-0.594854	-0.085046	0.239008	-0.015976	0.053561	0.720279
11.554422	-0.386018	-0.094596	-1.248444	-0.301884	-1.597674	-1.668205	-0.593429	-0.087261	0.215386	-0.012681	0.053781	0.688015
11.622580	-0.426162	-0.100114	-1.235262	-0.302747	-1.594649	-1.612548	-0.593846	-0.086693	0.206320	-0.011967	0.051562	0.666013
11.690271	-0.479345	-0.107318	-1.217712	-0.303813	-1.590635	-1.538818	-0.592436	-0.086989	0.206849	-0.011982	0.048957	0.668417
11.755232	-0.519906	-0.113023	-1.204400	-0.304405	-1.587678	-1.482560	-0.592365	-0.091073	0.217086	-0.012749	0.047698	0.684665
11.816276	-0.559185	-0.118186	-1.191479	-0.305258	-1.584711	-1.428154	-0.588973	-0.088624	0.217037	-0.012950	0.054005	0.691834
11.873257	-0.598452	-0.123667	-1.178607	-0.305898	-1.581743	-1.373642	-0.585371	-0.085813	0.209100	-0.012232	0.053168	0.677192
11.925498	-0.637712	-0.128948	-1.165711	-0.306693	-1.578844	-1.319246	-0.579475	-0.084483	0.197210	-0.012992	0.058610	0.649471
11.974772	-0.675841	-0.134112	-1.153238	-0.307469	-1.576061	-1.266653	-0.577986	-0.079379	0.191604	-0.011275	0.052869	0.586050
12.021537	-0.717894	-0.139966	-1.139421	-0.308177	-1.572871	-1.208408	-0.584038	-0.067869	0.158481	-0.009831	0.045523	0.489340
12.070040	-0.730280	-0.141465	-1.135266	-0.308448	-1.572037	-1.191294	-0.583145	-0.043433	0.092883	-0.001623	0.030786	0.366221
12.117034	-0.740371	-0.143076	-1.132050	-0.308710	-1.571233	-1.176876	-0.591119	-0.025068	0.039713	0.025318	0.015314	0.250288
12.165417	-0.741329	-0.143145	-1.131620	-0.308729	-1.571126	-1.175450	-0.598317	0.008942	-0.058203	0.046565	0.005255	0.099352
12.214052	-0.741534	-0.143138	-1.131645	-0.308642	-1.571126	-1.175673	-0.601235	0.037769	-0.142020	0.099521	-0.004873	0.009231
12.299165	-0.747979	-0.142230	-1.135639	-0.306111	-1.571291	-1.182848	-0.346947	0.040971	-0.141894	0.081609	-0.005772	-0.067083
12.395911	-0.773460	-0.136196	-1.152846	-0.296173	-1.572474	-1.210628	-0.310333	0.050740	-0.161667	0.099492	-0.010334	-0.121090
12.502620	-0.795700	-0.131144	-1.167609	-0.287737	-1.573395	-1.234559	-0.296009	0.055649	-0.176128	0.108847	-0.013509	-0.157476
12.614813	-0.850432	-0.118908	-1.203883	-0.266744	-1.575625	-1.293764	-0.282487	0.062597	-0.194611	0.121138	-0.016498	-0.195209
12.740256	-0.896032	-0.108743	-1.233980	-0.249243	-1.577632	-1.343341	-0.277520	0.066016	-0.205235	0.124428	-0.015854	-0.215095
12.875235	-0.954130	-0.095753	-1.272488	-0.226806	-1.580018	-1.406638	-0.274463	0.067901	-0.210523	0.131434	-0.015118	-0.242362
13.021614	-0.997795	-0.085968	-1.301372	-0.210012	-1.581773	-1.454073	-0.272328	0.070262	-0.213272	0.126574	-0.014058	-0.257491
13.177586	-1.041398	-0.076145	-1.330306	-0.193198	-1.583644	-1.501516	-0.274363	0.068092	-0.207149	0.124919	-0.013262	-0.262457
13.340496	-1.088067	-0.065824	-1.361168	-0.175289	-1.585583	-1.552121	-0.278092	0.067739	-0.200239	0.120004	-0.012830	-0.262652
13.510737	-1.149643	-0.052051	-1.401947	-0.151592	-1.588153	-1.619035	-0.278929	0.063564	-0.192237	0.110167	-0.012948	-0.270073
13.679051	-1.193289	-0.042321	-1.430893	-0.134788	-1.589927	-1.666469	-0.284842	0.064133	-0.188301	0.111563	-0.012379	-0.290947
13.848231	-1.252475	-0.029096	-1.470085	-0.112011	-1.592361	-1.730824	-0.279054	0.063818	-0.192751	0.111120	-0.012036	-0.299086
14.016770	-1.296072	-0.019372	-1.498956	-0.095208	-1.594310	-1.778258	-0.285034	0.062233	-0.188104	0.110880	-0.012082	-0.296115
14.181270	-1.339277	-0.009754	-1.527542	-0.078608	-1.596016	-1.825120	-0.290355	0.063712	-0.186174	0.109233	-0.011658	-0.290069
14.344944	-1.383427	0.000124	-1.556756	-0.061581	-1.597888	-1.873078	-0.286854	0.065488	-0.192094	0.109046	-0.012401	-0.274978
14.504291	-1.427540	0.009997	-1.586031	-0.044603	-1.599749	-1.921035	-0.278507	0.063008	-0.197396	0.111914	-0.012021	-0.259964
14.652317	-1.485737	0.023011	-1.624577	-0.022204	-1.602212	-1.984294	-0.277519	0.050153	-0.186681	0.124111	-0.012737	-0.260221
14.788477	-1.514845	0.029407	-1.643887	-0.010976	-1.603424	-2.015952	-0.268744	0.022678	-0.162974	0.133670	-0.014796	-0.262460
14.911599	-1.558591	0.039142	-1.672764	0.005798	-1.605160	-2.063377	-0.269986	-0.014446	-0.124744	0.136910	-0.016101	-0.260434
15.017864	-1.616620	0.052082	-1.711166	0.028158	-1.607613	-2.126441	-0.272559	-0.065115	-0.074766	0.140561	-0.017418	-0.275302
15.112251	-1.670581	0.058390	-1.741817	0.049548	-1.609911	-2.184493	-0.272890	-0.142681	0.014657	0.127468	-0.016916	-0.278549
15.182799	-1.702053	0.039341	-1.740604	0.064917	-1.611046	-2.217101	-0.320439	-0.267133	0.148967	0.131121	-0.013439	-0.321239
15.227986	-1.707085	0.004871	-1.712367	0.070327	-1.611094	-2.220835	-0.427513	-0.540695	0.417011	0.154144	-0.006486	-0.444351
15.275716	-1.704267	-0.038937	-1.669542	0.071180	-1.610667	-2.214881	-0.339746	-0.614137	0.552394	0.064816	0.004604	-0.362245
15.327093	-1.698525	-0.085868	-1.620645	0.068863	-1.610144	-2.206368	-0.234202	-0.699969	0.738951	-0.019161	0.009059	-0.284611
15.382057	-1.691906	-0.148016	-1.552227	0.062046	-1.609552	-2.195430	-0.179720	-0.730711	0.832986	-0.102900	0.009017	-0.216705
15.443942	-1.686929	-0.197304	-1.494988	0.053785	-1.609000	-2.187276	-0.109063	-0.755997	0.911593	-0.131559	0.007590	-0.137411
15.508610	-1.682432	-0.245747	-1.436330	0.043313	-1.608621	-2.179470	-0.041699	-0.768883	0.964379	-0.183330	0.008230	-0.092212
15.575476	-1.678369	-0.293033	-1.376677	0.030757	-1.608156	-2.172217	0.016126	-0.770347	0.979963	-0.217858	0.006542	-0.064276
15.642079	-1.673200	-0.356443	-1.293415	0.010453	-1.607613	-2.163025	0.049734	-0.790654	1.043336	-0.264273	0.006729	-0.016866
15.709705	-1.670780	-0.389707	-1.248033	-0.001842	-1.607390	-2.158468	0.055643	-0.792828	1.110543	-0.303077	0.006723	0.029200
15.774496	-1.666226	-0.456240	-1.154016	-0.029554	-1.606857	-2.149722	0.055343	-0.811464	1.182283	-0.364575	0.006119	0.067846
15.838493	-1.663016	-0.507607	-1.078599	-0.053805	-1.606469	-2.143487	0.050217	-0.809987	1.214351	-0.410682	0.005690	0.079202
15.898188	-1.659831	-0.561735	-0.996383	-0.082108	-1.606178	-2.137379	0.046438	-0.807696	1.231997	-0.471894	0.005811	0.081135
15.952792	-1.657069	-0.618203	-0.907796	-0.114435	-1.605868	-2.131406	0.044531	-0.805698	1.243843	-0.483040	0.006196	0.078008
16.000393	-1.654406	-0.675635	-0.814867	-0.150127	-1.605461	-2.125927	0.043982	-0.803597	1.254611	-0.491255	0.005568	0.079087
16.066259	-1.652366	-0.726349	-0.730268	-0.183967	-1.605199	-2.121380	0.026162	-0.534453	0.769436	-0.327539	0.003239	0.044863
16.109826	-1.650643	-0.767513	-0.659946	-0.213289	-1.605063	-2.118141	0.027559	-0.661838	1.026792	-0.388853	0.002819	0.053570
16.159623	-1.650481	-0.776110	-0.644792	-0.219921	-1.605034	-2.117501	0.017872	-0.471114	0.645207	-0.235465	0.000995	0.033676
16.209458	-1.650319	-0.776975	-0.643224	-0.220687	-1.605024	-2.117424	0.008838	-0.345913	0.378673	-0.086252	0.001686	0.022599
16.255448	-1.650325	-0.777211	-0.643137	-0.220668	-1.605024	-2.117404	0.000577	-0.239203	0.125439	0.138208	0.007356	0.011512
16.291729	-1.650456	-0.776931	-0.646664	-0.216334	-1.604733	-2.117656	-0.009339	-0.130250	-0.189328	0.420431	0.024528	0.000120
16.325063	-1.651028	-0.773417	-0.659784	-0.202788	-1.603521	-2.118975	-0.020753	0.038768	-0.571370	0.669693	0.058178	-0.006690
16.358396	-1.652521	-0.765671	-0.686877	-0.174649	-1.601029	-2.121642	-0.028243	0.182439	-0.790988	0.896346	0.084939	-0.019184
16.391729	-1.655190	-0.751357	-0.740078	-0.119351	-1.596298	-2.126752	-0.032859	0.240396	-0.951454	1.055137	0.104526	-0.028100
16.425063	-1.657430	-0.739214	-0.785044	-0.072470	-1.592244	-2.130979	-0.036567	0.256378	-1.007887	1.226556	0.125599	-0.036724
16.458396	-1.659619	-0.727618	-0.828553	-0.026801	-1.588337	-2.135197	-0.036903	0.262842	-1.028860	1.258348	0.130577	-0.043851
16.491729	-1.662618	-0.712134	-0.886302	0.033530	-1.583198	-2.140782	-0.037226	0.263368	-1.002448	1.205338	0.131999	-0.048869
16.525063	-1.664914	-0.700619	-0.929240	0.078268	-1.579329	-2.144874	-0.037214	0.253765	-0.938639	1.082618	0.108469	-0.051473
16.558396	-1.667445	-0.687965	-0.976662	0.127681	-1.575121	-2.149441	-0.037425	0.232625	-0.838925	0.919960	0.087203	-0.051923
16.591729	-1.668528	-0.682970	-0.995910	0.147829	-1.573443	-2.151235	-0.035920	0.193551	-0.712586	0.705181	0.053329	-0.054498
16.625063	-1.668795	-0.680836	-1.003586	0.156003	-1.572745	-2.152010	-0.032847	0.160433	-0.546362	0.544303	0.029800	-0.062367
16.658396	-1.668926	-0.680363	-1.004868	0.157341	-1.572619	-2.152127	-0.027534	0.128757	-0.421693	0.331647	0.012346	-0.075675
16.691729	-1.668932	-0.680369	-1.004868	0.157341	-1.572619	-2.152117	-0.024063	0.086341	-0.256660	0.183191	0.001551	-0.089739
16.725063	-1.668932	-0.680376	-1.004862	0.157341	-1.572619	-2.152107	-0.024237	0.055649	-0.141572	0.075768	-0.000905	-0.098044
16.758396	-1.668932	-0.680388	-1.004849	0.157332	-1.572619	-2.152088	-0.023179	0.038055	-0.062938	0.008145	-0.000711	-0.097448
16.791729	-1.669169	-0.680388	-1.004762	0.157458	-1.572774	-2.151952	-0.022097	0.096776	-0.031923	-0.019164	-0.000517	-0.090379
16.825063	-1.668988	-0.680407	-1.004787	0.157361	-1.572726	-2.152001	-0.020542	0.171987	-0.045413	-0.087574	-0.000258	-0.084154
16.858396	-1.668945	-0.680475	-1.004824	0.157332	-1.572697	-2.152049	-0.019186	0.220749	-0.058388	-0.163685	0.000905	-0.075500
16.891729	-1.668957	-0.680214	-1.004918	0.156663	-1.572658	-2.152359	-0.018962	0.271020	-0.072430	-0.211185	0.004331	-0.066395
16.925063	-1.669461	-0.674012	-1.006548	0.151844	-1.572551	-2.154977	-0.018663	0.287341	-0.077051	-0.260259	0.008145	-0.052767
16.958396	-1.671738	-0.647485	-1.013254	0.132529	-1.572086	-2.165236	-0.017755	0.289157	-0.077460	-0.277815	0.009697	-0.045102
16.991729	-1.674208	-0.617774	-1.020719	0.110964	-1.571475	-2.176678	-0.012280	0.289835	-0.077869	-0.279321	0.011054	-0.024769
17.025063	-1.675962	-0.599422	-1.025304	0.097506	-1.571223	-2.183795	0.001991	0.293449	-0.082650	-0.279047	0.010795	0.009076
17.058396	-1.677716	-0.580996	-1.030212	0.083611	-1.570932	-2.191174	0.017282	0.313588	-0.106912	-0.267617	0.007434	0.035837
17.091729	-1.678121	-0.575017	-1.031823	0.078811	-1.570758	-2.193695	0.044617	0.358464	-0.160963	-0.228399	0.004073	0.073595
17.125063	-1.678276	-0.574364	-1.031960	0.078220	-1.570728	-2.194015	0.075075	0.388019	-0.207638	-0.153829	0.001810	0.104836
17.158396	-1.678257	-0.574115	-1.031979	0.078220	-1.570728	-2.194034	0.118161	0.398420	-0.286538	-0.070053	-0.000776	0.137387
17.191729	-1.677810	-0.572809	-1.033715	0.078394	-1.570728	-2.193481	0.153434	0.402423	-0.362292	-0.000548	-0.003814	0.169457
17.225063	-1.675072	-0.565493	-1.042262	0.079548	-1.570913	-2.190078	0.195152	0.462535	-0.464743	0.029363	-0.007111	0.213788
17.258396	-1.667937	-0.548777	-1.062088	0.082030	-1.571310	-2.181923	0.252509	0.493227	-0.541047	0.033367	-0.012734	0.238587
17.291729	-1.660528	-0.531738	-1.081909	0.084086	-1.571795	-2.173497	0.294053	0.558293	-0.619058	0.026830	-0.018488	0.281114
17.325074	-1.646680	-0.501398	-1.115999	0.086762	-1.572639	-2.157721	0.338206	0.660577	-0.714403	0.013958	-0.023780	0.344396
17.362351	-1.631407	-0.470219	-1.149835	0.088071	-1.573579	-2.140336	0.340145	0.652050	-0.690729	-0.010925	-0.024567	0.356317
17.403357	-1.609876	-0.429826	-1.191665	0.087742	-1.574723	-2.115863	0.343438	0.645548	-0.659311	-0.033716	-0.022805	0.366453
17.447494	-1.592744	-0.400146	-1.220823	0.085812	-1.575431	-2.096412	0.353912	0.632884	-0.615018	-0.053139	-0.021237	0.384520
17.494283	-1.574162	-0.370310	-1.248612	0.082205	-1.576343	-2.075420	0.365408	0.606921	-0.593441	-0.078455	-0.018881	0.392392
17.543743	-1.547953	-0.332069	-1.282106	0.075456	-1.577448	-2.046079	0.384414	0.583306	-0.528320	-0.101413	-0.016294	0.409008
17.593308	-1.528935	-0.306744	-1.302890	0.069367	-1.578020	-2.024795	0.406936	0.562546	-0.459139	-0.126604	-0.014346	0.436850
17.644475	-1.508555	-0.281624	-1.322212	0.062095	-1.578825	-2.002164	0.428238	0.533140	-0.406318	-0.142418	-0.013813	0.449939
17.695239	-1.487927	-0.258226	-1.339077	0.053940	-1.579319	-1.979310	0.447907	0.495254	-0.346981	-0.171096	-0.012309	0.476770
17.746449	-1.467031	-0.236403	-1.353641	0.045175	-1.580008	-1.956243	0.470990	0.474317	-0.301169	-0.186850	-0.010393	0.500222
17.796945	-1.443951	-0.214387	-1.367165	0.034945	-1.580463	-1.930867	0.485934	0.452029	-0.260061	-0.215309	-0.011180	0.525699
17.847120	-1.421350	-0.194685	-1.377983	0.024609	-1.581006	-1.906035	0.504265	0.415042	-0.219835	-0.226287	-0.010093	0.548932
17.897185	-1.389878	-0.170150	-1.389635	0.009628	-1.581530	-1.871594	0.520221	0.388697	-0.166350	-0.257287	-0.008694	0.565046
17.946411	-1.365386	-0.153272	-1.396161	-0.002356	-1.581831	-1.844823	0.533877	0.365300	-0.138895	-0.274517	-0.007616	0.560557
17.996774	-1.331855	-0.132961	-1.402133	-0.018908	-1.582267	-1.808452	0.549177	0.328680	-0.094253	-0.271801	-0.005562	0.559904
18.044080	-1.305615	-0.119225	-1.404460	-0.031978	-1.582480	-1.779993	0.570826	0.318999	-0.048733	-0.300609	-0.004100	0.622283
18.091085	-1.269620	-0.103001	-1.405088	-0.049946	-1.582587	-1.741063	0.589268	0.288503	-0.001702	-0.311314	-0.002384	0.628774
18.138514	-1.241806	-0.092680	-1.403645	-0.063840	-1.582606	-1.710946	0.598325	0.249736	0.025308	-0.317696	0.000182	0.627807
18.185656	-1.213227	-0.083821	-1.399782	-0.077987	-1.582577	-1.680190	0.616332	0.206748	0.069613	-0.301819	0.002011	0.652102
18.232789	-1.183485	-0.076139	-1.394096	-0.092619	-1.582393	-1.648182	0.630874	0.174440	0.107099	-0.296384	0.004252	0.664110
18.277992	-1.153748	-0.070409	-1.387141	-0.107183	-1.582112	-1.616233	0.642700	0.138274	0.154911	-0.313354	0.005005	0.709400
18.324397	-1.114059	-0.065214	-1.375227	-0.126439	-1.581695	-1.573647	0.652257	0.100594	0.188834	-0.310626	0.006780	0.717678
18.371936	-1.103508	-0.064393	-1.371626	-0.131501	-1.581579	-1.562438	0.652147	0.060695	0.208613	-0.307454	0.008521	0.696091
18.419758	-1.072446	-0.062938	-1.359862	-0.146385	-1.581103	-1.529170	0.659061	0.024172	0.256704	-0.294810	0.009372	0.683021
18.467755	-1.041360	-0.062832	-1.346543	-0.161259	-1.580473	-1.495873	0.652788	-0.015683	0.309601	-0.308020	0.011627	0.669957
18.515019	-1.008122	-0.064207	-1.330530	-0.176996	-1.579882	-1.460365	0.662234	-0.052302	0.355705	-0.318419	0.013677	0.648022
18.560557	-0.975325	-0.067877	-1.313099	-0.192549	-1.579067	-1.425343	0.674040	-0.091182	0.406282	-0.335424	0.017176	0.642681
18.603849	-0.954099	-0.071261	-1.300794	-0.202681	-1.578563	-1.402615	0.676807	-0.131939	0.460770	-0.384465	0.021302	0.641876
18.644375	-0.911373	-0.079964	-1.273770	-0.223092	-1.577380	-1.357023	0.678147	-0.163721	0.527884	-0.408460	0.026212	0.650872
18.681277	-0.866812	-0.092102	-1.242105	-0.244637	-1.575964	-1.309336	0.673151	-0.194253	0.571287	-0.415656	0.031998	0.683663
18.717907	-0.832852	-0.103330	-1.215504	-0.261334	-1.574801	-1.273140	0.659944	-0.199259	0.530280	-0.400518	0.033059	0.688120
18.752324	-0.799644	-0.116083	-1.187242	-0.278031	-1.573550	-1.237758	0.653133	-0.208556	0.533789	-0.379439	0.035310	0.705844
18.785658	-0.772309	-0.128046	-1.162172	-0.292032	-1.572454	-1.208670	0.645302	-0.205479	0.500913	-0.338594	0.028119	0.763683
18.819055	-0.752813	-0.137378	-1.143129	-0.302388	-1.571553	-1.187890	0.638342	-0.193283	0.441093	-0.283603	0.017936	0.832758
18.853383	-0.743973	-0.141788	-1.134196	-0.307246	-1.571271	-1.178311	0.635413	-0.153130	0.358347	-0.200942	0.012554	0.825743
18.892000	-0.741509	-0.143120	-1.131869	-0.308632	-1.571165	-1.175693	0.628155	-0.089555	0.218722	-0.107378	0.005915	0.733059
18.931763	-0.741453	-0.143163	-1.131683	-0.308758	-1.571155	-1.175440	0.611468	-0.038558	0.097373	-0.071463	0.001517	0.756689
18.973059	-0.740900	-0.143219	-1.131732	-0.308749	-1.571145	-1.174810	0.611544	0.022583	0.018034	-0.028728	0.000418	0.740441
19.016390	-0.735263	-0.142267	-1.133014	-0.308526	-1.571145	-1.169060	0.599936	0.069096	-0.058576	-0.000105	-0.000050	0.716799
19.061283	-0.718709	-0.137788	-1.137294	-0.308080	-1.571145	-1.152392	0.596195	0.114891	-0.121497	0.012019	-0.000384	0.705624
19.110008	-0.688339	-0.130143	-1.145275	-0.307294	-1.571165	-1.122218	0.591504	0.134858	-0.147007	0.016856	-0.000796	0.646613
19.161248	-0.648132	-0.120195	-1.155534	-0.306228	-1.571223	-1.082162	0.594447	0.150129	-0.163036	0.018834	-0.001136	0.623735
19.215086	-0.590240	-0.105825	-1.170365	-0.304599	-1.571320	-1.024120	0.594456	0.167211	-0.181545	0.020341	-0.001441	0.614133
19.274840	-0.546668	-0.095112	-1.181463	-0.303445	-1.571407	-0.980351	0.597898	0.167220	-0.181221	0.020885	-0.001442	0.567760
19.338909	-0.487992	-0.080643	-1.196530	-0.301748	-1.571504	-0.921544	0.602934	0.165930	-0.178113	0.020333	-0.001345	0.550551
19.407361	-0.442915	-0.069507	-1.208057	-0.300584	-1.571572	-0.876310	0.606302	0.168395	-0.175904	0.018865	-0.001228	0.542308
19.481197	-0.398174	-0.058502	-1.219461	-0.299382	-1.571659	-0.831591	0.609544	0.159959	-0.169566	0.017921	-0.001167	0.531435
19.555569	-0.339989	-0.044138	-1.234310	-0.297782	-1.571747	-0.773239	0.616406	0.159850	-0.164179	0.017194	-0.001014	0.557298
19.632306	-0.295926	-0.033307	-1.245613	-0.296570	-1.571834	-0.729024	0.621601	0.154841	-0.159142	0.016501	-0.000955	0.576971
19.709213	-0.263906	-0.025326	-1.253800	-0.295843	-1.571873	-0.696939	0.623652	0.150309	-0.154123	0.017176	-0.000953	0.598515
19.784042	-0.205609	-0.010992	-1.268731	-0.294136	-1.571960	-0.638616	0.628299	0.154384	-0.162575	0.016266	-0.000893	0.623699
19.858495	-0.162007	-0.000224	-1.279885	-0.293021	-1.572028	-0.594847	0.631491	0.154882	-0.158421	0.016915	-0.000984	0.639055
19.932280	-0.118366	0.010576	-1.291027	-0.291906	-1.572076	-0.551127	0.637213	0.155931	-0.159823	0.017114	-0.000847	0.631508
20.005218	-0.060163	0.024878	-1.305920	-0.290171	-1.572173	-0.492803	0.643452	0.153221	-0.161687	0.017094	-0.000886	0.615722
20.076377	-0.031061	0.032044	-1.313341	-0.289550	-1.572212	-0.463637	0.642365	0.161727	-0.169995	0.017458	-0.000878	0.608477
20.145511	0.027161	0.046433	-1.328278	-0.287970	-1.572299	-0.405314	0.644922	0.170356	-0.175521	0.018183	-0.000935	0.595115
20.210605	0.071311	0.057339	-1.339525	-0.286748	-1.572348	-0.361080	0.651703	0.170919	-0.178494	0.020328	-0.000960	0.586902
20.273145	0.114982	0.068057	-1.350692	-0.285613	-1.572416	-0.317340	0.652593	0.181087	-0.205380	0.024278	-0.001102	0.575917
20.329898	0.158579	0.078795	-1.361859	-0.284411	-1.572474	-0.273590	0.652133	0.190061	-0.229282	0.048622	-0.001215	0.596035
20.382013	0.217261	0.093284	-1.376901	-0.282802	-1.572561	-0.214782	0.654498	0.189438	-0.255096	0.068467	-0.001199	0.604318
20.429297	0.261069	0.104226	-1.388646	-0.281037	-1.572619	-0.171052	0.659922	0.198023	-0.272272	0.097009	-0.001230	0.619276
20.470150	0.287471	0.111393	-1.398102	-0.278157	-1.572658	-0.144697	0.668845	0.197335	-0.289353	0.123865	-0.001213	0.645371
20.508341	0.328803	0.124351	-1.422140	-0.266386	-1.572726	-0.103372	0.664664	0.185297	-0.281617	0.128618	-0.001185	0.633125
20.541674	0.340412	0.129228	-1.435067	-0.258309	-1.572745	-0.091639	0.645078	0.183134	-0.280281	0.143014	-0.000905	0.660825
20.575008	0.348281	0.133477	-1.449176	-0.248448	-1.572774	-0.083543	0.556765	0.153901	-0.248341	0.138839	-0.000518	0.601935
20.608559	0.349550	0.135039	-1.456013	-0.243183	-1.572774	-0.082118	0.466354	0.113659	-0.214621	0.129571	-0.000257	0.560837
20.641893	0.349637	0.135113	-1.456138	-0.242950	-1.572774	-0.082118	0.379778	0.084577	-0.180462	0.107115	-0.000065	0.534973
20.675226	0.349681	0.135182	-1.456212	-0.242950	-1.572774	-0.082127	0.252435	0.065015	-0.133591	0.068547	0.000000	0.511832
20.708559	0.349706	0.135207	-1.456243	-0.242940	-1.572774	-0.082127	0.144700	0.019579	-0.074296	0.029260	0.000000	0.469872
20.741893	0.349700	0.135225	-1.456256	-0.242940	-1.572774	-0.082137	0.064412	-0.031303	-0.007021	0.015982	0.000000	0.464345
20.775226	0.349700	0.135232	-1.456268	-0.242940	-1.572774	-0.082137	-0.060182	-0.118764	0.050443	0.016769	0.000000	0.443445
20.808559	0.349693	0.135238	-1.456268	-0.242940	-1.572774	-0.082137	-0.114752	-0.227179	0.114821	0.042025	-0.000711	0.424828
20.854354	0.349687	0.135232	-1.456268	-0.242940	-1.572774	-0.082127	-0.117859	-0.280817	0.142198	0.056122	-0.003246	0.301118
20.912717	0.348468	0.131530	-1.454738	-0.241854	-1.572881	-0.079112	-0.112020	-0.288319	0.146090	0.074429	-0.005870	0.236347
20.984308	0.343479	0.117751	-1.447913	-0.238218	-1.573443	-0.069784	-0.110920	-0.290454	0.147202	0.079384	-0.008999	0.195812
21.069627	0.333419	0.089930	-1.434352	-0.231043	-1.574316	-0.050857	-0.100461	-0.290723	0.147426	0.082294	-0.013032	0.167675
21.174682	0.319677	0.051740	-1.415913	-0.221104	-1.575674	-0.024793	-0.090881	-0.286482	0.145209	0.079755	-0.013209	0.136382
21.291503	0.298713	-0.006345	-1.387819	-0.206017	-1.577778	0.015058	-0.084650	-0.277968	0.140870	0.086751	-0.013022	0.122655
21.423246	0.283036	-0.049917	-1.366699	-0.194633	-1.579261	0.045078	-0.075820	-0.274471	0.138950	0.081427	-0.012201	0.108766
21.562429	0.267322	-0.093526	-1.345597	-0.183260	-1.580803	0.075107	-0.071809	-0.266631	0.134366	0.080058	-0.012416	0.102952
21.706333	0.251483	-0.137620	-1.324191	-0.171721	-1.582480	0.105466	-0.069482	-0.252030	0.122353	0.072984	-0.011200	0.099574
21.848218	0.230524	-0.195830	-1.296090	-0.156537	-1.584449	0.145386	-0.069910	-0.237992	0.112724	0.065983	-0.010190	0.100991
21.979704	0.221112	-0.221958	-1.283474	-0.149730	-1.585467	0.163217	-0.072912	-0.230504	0.106950	0.061086	-0.009325	0.108979
22.090420	0.206493	-0.262525	-1.263903	-0.139122	-1.586844	0.191036	-0.080545	-0.226083	0.108658	0.056349	-0.008252	0.129094
22.188734	0.201367	-0.276684	-1.256842	-0.135399	-1.587367	0.200936	-0.081399	-0.214317	0.095089	0.049649	-0.005961	0.143090
22.270417	0.199868	-0.281201	-1.254615	-0.134158	-1.587581	0.204223	-0.080862	-0.209420	0.089528	0.043293	-0.003587	0.160681
22.335235	0.199774	-0.281512	-1.254528	-0.134003	-1.587590	0.204456	-0.085777	-0.202073	0.081845	0.034600	-0.001928	0.179189
22.376116	0.199706	-0.281648	-1.254485	-0.134012	-1.587590	0.204456	-0.110366	-0.190950	0.082145	0.027485	-0.000211	0.226309
22.409449	0.199681	-0.281686	-1.254466	-0.134022	-1.587590	0.204456	-0.103679	-0.162927	0.050941	0.012252	0.000064	0.198706
22.442782	0.199675	-0.281692	-1.254454	-0.134032	-1.587590	0.204446	-0.061700	-0.052290	0.018752	0.001369	0.000064	0.044419
22.476116	0.199656	-0.281692	-1.254454	-0.134041	-1.587581	0.204446	-0.042551	-0.013675	0.001884	-0.000137	0.000064	-0.081827
22.509449	0.199637	-0.281698	-1.254447	-0.134041	-1.587581	0.204446	-0.012790	-0.001188	-0.000089	-0.000274	0.000064	-0.210385
22.542782	0.199637	-0.281698	-1.254447	-0.134041	-1.587581	0.204446	-0.001443	0.002511	-0.002346	-0.001643	0.000000	-0.337329
22.576116	0.199637	-0.281698	-1.254447	-0.134051	-1.587581	0.204446	0.002862	0.008517	-0.008176	-0.004688	0.000065	-0.432522
22.609449	0.199644	-0.281698	-1.254447	-0.134051	-1.587581	0.204446	0.004504	0.015151	-0.013899	-0.011020	0.001164	-0.608145
22.642782	0.199644	-0.281698	-1.254460	-0.134090	-1.587571	0.202991	0.004902	0.024109	-0.023124	-0.017796	0.004073	-0.703135
22.676116	0.199675	-0.281636	-1.254578	-0.134487	-1.587406	0.193925	0.006818	0.031184	-0.029132	-0.028610	0.008210	-0.788074
22.709449	0.199836	-0.280591	-1.255318	-0.135360	-1.586970	0.169830	0.007428	0.033950	-0.031211	-0.036070	0.014351	-0.897841
22.742782	0.200098	-0.278526	-1.257334	-0.137163	-1.586349	0.127991	0.008996	0.045894	-0.042996	-0.039047	0.022496	-0.979479
22.776116	0.200645	-0.276130	-1.259324	-0.139083	-1.585428	0.077056	0.010314	0.052494	-0.048826	-0.053387	0.026633	-1.062033
22.809449	0.201298	-0.272852	-1.262547	-0.142147	-1.584138	0.002734	0.011248	0.058873	-0.055775	-0.060368	0.026050	-1.145489
22.842782	0.202026	-0.270258	-1.264643	-0.144271	-1.583140	-0.052340	0.012069	0.068188	-0.063898	-0.065878	0.029929	-1.228988
22.876116	0.202157	-0.269250	-1.265371	-0.145114	-1.582888	-0.070492	0.013226	0.074686	-0.069177	-0.072859	0.030446	-1.316066
22.909449	0.203090	-0.264870	-1.269496	-0.149177	-1.581171	-0.173980	0.014358	0.078198	-0.071826	-0.071353	0.031352	-1.343307
22.942782	0.203389	-0.262451	-1.271536	-0.151417	-1.580202	-0.228997	0.015030	0.079097	-0.070563	-0.071730	0.033097	-1.425003
22.976116	0.204154	-0.260111	-1.273969	-0.153599	-1.579193	-0.284052	0.015565	0.081489	-0.072395	-0.071969	0.034454	-1.536457
23.009449	0.204795	-0.256696	-1.276862	-0.156614	-1.577923	-0.357802	0.015577	0.077638	-0.070350	-0.073886	0.028443	-1.636144
23.042782	0.205261	-0.254251	-1.279157	-0.158689	-1.577070	-0.412218	0.015490	0.077231	-0.070742	-0.073886	0.029347	-1.690060
23.076116	0.205672	-0.251918	-1.281154	-0.160890	-1.576178	-0.466672	0.016013	0.076688	-0.068040	-0.067862	0.032063	-1.738450
23.109449	0.206256	-0.249523	-1.283281	-0.163169	-1.575169	-0.521737	0.015167	0.073685	-0.065907	-0.062421	0.027538	-1.725869
23.142782	0.206823	-0.246251	-1.286305	-0.166049	-1.573870	-0.596127	0.016411	0.075755	-0.066618	-0.065262	0.027020	-1.733127
23.176116	0.207190	-0.244385	-1.287953	-0.167513	-1.573288	-0.633652	0.015217	0.076518	-0.067187	-0.064885	0.022624	-1.768353
23.209449	0.207619	-0.241940	-1.290131	-0.169830	-1.572357	-0.691092	0.016162	0.075687	-0.066582	-0.065535	0.025146	-1.739264
23.242782	0.207886	-0.241131	-1.290865	-0.170596	-1.572037	-0.709244	0.015515	0.075381	-0.067400	-0.068102	0.027408	-1.762870
23.276116	0.208390	-0.237853	-1.293826	-0.173563	-1.570796	-0.782451	0.015229	0.075992	-0.067471	-0.067726	0.026826	-1.692955
23.309449	0.209305	-0.234674	-1.296570	-0.176433	-1.569507	-0.856229	0.015080	0.076857	-0.067489	-0.067897	0.033614	-1.693013
23.342782	0.209610	-0.232055	-1.298952	-0.178731	-1.568556	-0.910664	0.015428	0.075144	-0.068093	-0.067897	0.033549	-1.697478
23.376116	0.210362	-0.228944	-1.301733	-0.181572	-1.567315	-0.983241	0.014769	0.076416	-0.067827	-0.073646	0.031480	-1.669349
23.409449	0.210698	-0.226611	-1.304016	-0.183793	-1.566288	-1.037695	0.015279	0.076162	-0.071897	-0.073475	0.029024	-1.702074
23.442782	0.211470	-0.224055	-1.306231	-0.186101	-1.565337	-1.096377	0.015328	0.080437	-0.071505	-0.070806	0.029993	-1.674803
23.476116	0.211911	-0.221342	-1.308489	-0.188399	-1.564436	-1.155650	0.015801	0.078724	-0.070208	-0.068239	0.030963	-1.669989
23.509449	0.212409	-0.218698	-1.310959	-0.190697	-1.563408	-1.212451	0.015751	0.077248	-0.067258	-0.068821	0.030058	-1.673305
23.542782	0.212801	-0.216366	-1.313148	-0.192946	-1.562409	-1.266314	0.016038	0.076365	-0.067844	-0.069026	0.028894	-1.620756
23.576116	0.213386	-0.214014	-1.315295	-0.195089	-1.561536	-1.320720	0.014856	0.074906	-0.068537	-0.068889	0.027149	-1.605746
23.609449	0.213641	-0.211638	-1.317366	-0.197213	-1.560654	-1.375213	0.015192	0.074567	-0.068182	-0.068547	0.030511	-1.525650
23.642782	0.214462	-0.208987	-1.319817	-0.199598	-1.559587	-1.434457	0.014097	0.074363	-0.067809	-0.065193	0.029347	-1.414328
23.676116	0.214854	-0.206350	-1.321771	-0.201857	-1.558569	-1.488873	0.013400	0.070936	-0.061659	-0.067007	0.028959	-1.305434
23.709449	0.215519	-0.204054	-1.324203	-0.203951	-1.557755	-1.543909	0.011770	0.065592	-0.059793	-0.064475	0.030188	-1.223927
23.742782	0.215762	-0.201479	-1.326436	-0.206211	-1.556805	-1.601369	0.010762	0.059806	-0.053643	-0.058965	0.029412	-1.142449
23.776116	0.216409	-0.199270	-1.328651	-0.208480	-1.555786	-1.655619	0.009531	0.053664	-0.047902	-0.051915	0.026245	-1.061000
23.809449	0.216733	-0.196788	-1.330673	-0.210467	-1.554933	-1.705798	0.008349	0.049033	-0.059899	-0.043531	0.019587	-0.973283
23.842782	0.217205	-0.195332	-1.331786	-0.211834	-1.554390	-1.739880	0.006569	0.049966	-0.132738	-0.017180	0.016613	-0.854760
23.876116	0.217411	-0.194648	-1.332533	-0.212455	-1.554099	-1.757304	0.005810	0.050390	-0.237481	0.082955	0.010731	-0.800597
23.909449	0.217398	-0.194437	-1.332639	-0.212717	-1.553973	-1.762298	0.003782	0.049389	-0.361901	0.214025	0.003685	-0.719090
23.942782	0.217355	-0.194337	-1.332825	-0.212736	-1.553964	-1.762802	0.002625	0.043264	-0.494194	0.378086	0.001422	-0.637467
23.976116	0.217292	-0.193659	-1.339127	-0.207335	-1.553964	-1.762792	0.000796	0.028911	-0.662623	0.554262	0.000065	-0.554956
24.009449	0.217174	-0.190667	-1.366879	-0.182106	-1.553964	-1.762841	0.000012	0.009501	-0.767722	0.785775	-0.000518	-0.466948
24.042782	0.216975	-0.187873	-1.405710	-0.146453	-1.553983	-1.762976	-0.001282	-0.007906	-0.848008	0.940082	-0.001034	-0.385558
24.077836	0.216670	-0.185945	-1.452436	-0.101927	-1.554041	-1.763132	-0.001787	-0.017441	-0.848654	1.006879	-0.001476	-0.258621
24.113774	0.216546	-0.185615	-1.500058	-0.054328	-1.554119	-1.763267	-0.002585	-0.019875	-0.841746	1.040577	-0.001739	-0.202459
24.150022	0.216353	-0.188670	-1.561297	0.010297	-1.554196	-1.763500	-0.003066	-0.020329	-0.832302	1.010290	-0.001842	-0.129495
24.184948	0.216166	-0.193304	-1.600290	0.053708	-1.554245	-1.763675	-0.004216	-0.023447	-0.823923	0.962030	-0.001666	-0.052375
24.218281	0.215918	-0.198231	-1.629211	0.087257	-1.554303	-1.763820	-0.007154	-0.037835	-0.774760	0.869414	-0.001357	-0.020478
24.251614	0.215768	-0.201373	-1.644957	0.106194	-1.554332	-1.763878	-0.008535	-0.056633	-0.639872	0.705387	-0.000969	-0.008261
24.284948	0.215768	-0.202294	-1.650313	0.112971	-1.554351	-1.763898	-0.009182	-0.079131	-0.483388	0.479658	-0.000581	-0.006661
24.318281	0.215793	-0.202443	-1.651134	0.113960	-1.554361	-1.763888	-0.008859	-0.094859	-0.287285	0.306630	-0.000452	-0.006443
24.351614	0.215812	-0.202667	-1.651209	0.113980	-1.554361	-1.763898	-0.008212	-0.090430	-0.156431	0.159886	-0.001164	-0.006516
24.384948	0.215743	-0.204539	-1.649604	0.113757	-1.554390	-1.764208	-0.007938	-0.077824	-0.052967	0.056911	-0.002392	-0.006356
24.418281	0.215190	-0.208639	-1.644739	0.113301	-1.554516	-1.764780	-0.007552	-0.064302	0.017650	0.006468	-0.003620	-0.006123
24.451614	0.213778	-0.214960	-1.637703	0.112341	-1.554720	-1.765924	-0.007042	-0.055632	0.050941	-0.008145	-0.003943	-0.005803
24.484948	0.213025	-0.220397	-1.631084	0.111527	-1.554904	-1.766894	-0.006569	-0.053088	0.060699	-0.009069	-0.003297	-0.005294
24.518281	0.212583	-0.221828	-1.629877	0.111294	-1.554962	-1.767068	-0.006308	-0.052426	0.061819	-0.008590	-0.002197	-0.004523
24.551614	0.212546	-0.221840	-1.629777	0.111313	-1.554962	-1.767088	-0.006221	-0.051815	0.060024	-0.006913	-0.000905	-0.003680
24.584948	0.212565	-0.221809	-1.629709	0.111362	-1.554972	-1.767097	-0.005126	-0.046505	0.053909	-0.004312	-0.000258	-0.003054
24.618281	0.212577	-0.221772	-1.629665	0.111410	-1.554972	-1.767097	-0.002924	-0.031812	0.060254	-0.010848	0.000065	-0.002458
24.651614	0.212577	-0.221759	-1.629640	0.111449	-1.554982	-1.767097	-0.000373	-0.005327	0.104601	-0.048287	0.000065	-0.001673
24.684948	0.212645	-0.221666	-1.629585	0.111527	-1.554953	-1.767117	0.002476	0.023922	0.245906	-0.136649	-0.000453	-0.001207
24.718281	0.212633	-0.221666	-1.629597	0.111449	-1.554953	-1.767126	0.007378	0.032830	0.375942	-0.344343	-0.004396	-0.000524
24.751614	0.212614	-0.221591	-1.627849	0.108918	-1.555040	-1.767097	0.011098	0.033101	0.515701	-0.517062	-0.012541	0.001934
24.784948	0.212658	-0.220303	-1.618909	0.097729	-1.555631	-1.766991	0.013176	0.025755	0.664436	-0.692759	-0.029735	0.012537
24.818281	0.213230	-0.216913	-1.597186	0.072596	-1.556756	-1.766826	0.015403	0.010994	0.825026	-0.870406	-0.043827	0.055734
24.856400	0.214350	-0.211625	-1.544338	0.013778	-1.559423	-1.766293	0.014438	-0.008561	0.863824	-0.922944	-0.048895	0.083179
24.900180	0.215557	-0.209790	-1.498229	-0.035110	-1.561536	-1.765992	0.009179	-0.028948	0.887467	-0.936575	-0.050447	0.148100
24.950864	0.216428	-0.209703	-1.449238	-0.084871	-1.563776	-1.765662	-0.001948	-0.054720	0.920031	-0.914526	-0.045957	0.181457
25.004709	0.217467	-0.212365	-1.397125	-0.135438	-1.566123	-1.765168	-0.021628	-0.071537	0.949088	-0.963411	-0.044019	0.208502
25.058686	0.218574	-0.217740	-1.340906	-0.187536	-1.568498	-1.764780	-0.038948	-0.085497	0.974230	-0.966350	-0.043832	0.276913
25.108582	0.219171	-0.225349	-1.283991	-0.238102	-1.570699	-1.764499	-0.055923	-0.102158	1.013326	-0.992941	-0.050224	0.372368
25.152545	0.220247	-0.235607	-1.221650	-0.291276	-1.572968	-1.764130	-0.092552	-0.124175	1.056904	-1.020352	-0.054501	0.485181
25.190303	0.220820	-0.252173	-1.139322	-0.358229	-1.575887	-1.760368	-0.133993	-0.144000	1.109600	-1.028987	-0.055926	0.661815
25.223637	0.218605	-0.263962	-1.086469	-0.399360	-1.577632	-1.746929	-0.191407	-0.155802	1.108045	-0.978651	-0.050162	0.858397
25.256970	0.211096	-0.271067	-1.053939	-0.423747	-1.578631	-1.717084	-0.231731	-0.142279	0.950601	-0.785296	-0.029929	0.914422
25.290303	0.195177	-0.272983	-1.040999	-0.432822	-1.578951	-1.655639	-0.261903	-0.120800	0.782527	-0.596047	-0.015708	0.995638
25.323637	0.181099	-0.271676	-1.041261	-0.431562	-1.578931	-1.601311	-0.292112	-0.091856	0.608785	-0.339141	-0.002521	1.078512
25.356970	0.170760	-0.269598	-1.042393	-0.429836	-1.578873	-1.561294	-0.322993	-0.058381	0.365402	-0.159646	0.001939	1.158855
25.390303	0.151624	-0.266830	-1.044757	-0.426849	-1.578670	-1.486895	-0.343423	-0.007737	0.189135	0.002943	0.004073	1.240871
25.423637	0.137340	-0.264535	-1.046225	-0.424648	-1.578515	-1.431888	-0.383287	0.030268	0.020121	0.047295	0.004653	1.321680
25.456970	0.118646	-0.262034	-1.048433	-0.421730	-1.578340	-1.359272	-0.412339	0.053020	-0.023018	0.071935	0.004913	1.458237
25.490303	0.099691	-0.259029	-1.050629	-0.418908	-1.578214	-1.286075	-0.426933	0.065795	-0.049643	0.069642	0.004072	1.539453
25.523637	0.085476	-0.257013	-1.052048	-0.416707	-1.578088	-1.231068	-0.449465	0.067713	-0.051527	0.074022	0.003491	1.619433
25.556970	0.071411	-0.255010	-1.053566	-0.414622	-1.578001	-1.176623	-0.455351	0.065914	-0.051456	0.071216	0.003103	1.693944
25.590303	0.057077	-0.252864	-1.055295	-0.412412	-1.577904	-1.120967	-0.455413	0.065965	-0.050230	0.065946	0.003103	1.736283
25.623637	0.047460	-0.251626	-1.056197	-0.410947	-1.577836	-1.084072	-0.463177	0.066779	-0.051119	0.068923	0.002715	1.807579
25.657023	0.028604	-0.248858	-1.058213	-0.408097	-1.577710	-1.010895	-0.462062	0.065741	-0.050185	0.068608	0.002904	1.788044
25.690357	0.014650	-0.246848	-1.059681	-0.405925	-1.577623	-0.957071	-0.453882	0.062707	-0.048861	0.065843	0.003362	1.792962
25.724128	0.005139	-0.245430	-1.060987	-0.404499	-1.577545	-0.920167	-0.449069	0.064608	-0.048649	0.067760	0.003764	1.817949
25.758212	-0.013636	-0.242643	-1.062959	-0.401639	-1.577370	-0.847600	-0.444807	0.062338	-0.047854	0.069480	0.003793	1.771936
25.792641	-0.032498	-0.240049	-1.065037	-0.398633	-1.577206	-0.774364	-0.440454	0.063308	-0.048632	0.066631	0.003818	1.729581
25.827746	-0.046608	-0.237890	-1.066536	-0.396578	-1.577099	-0.719929	-0.431884	0.065729	-0.050007	0.068207	0.003928	1.722948
25.863305	-0.060829	-0.236036	-1.068160	-0.394367	-1.576983	-0.664873	-0.435592	0.062806	-0.049118	0.069453	0.003030	1.649046
25.900363	-0.079778	-0.233013	-1.070232	-0.391526	-1.576827	-0.591696	-0.425940	0.060877	-0.046829	0.067045	0.002849	1.558783
25.937420	-0.089601	-0.231638	-1.071277	-0.389994	-1.576760	-0.553560	-0.417668	0.064250	-0.048315	0.062058	0.003023	1.606946
25.974953	-0.108836	-0.228888	-1.073417	-0.386959	-1.576643	-0.479190	-0.412833	0.061477	-0.044973	0.063795	0.002928	1.586552
26.013199	-0.127723	-0.226244	-1.075600	-0.384137	-1.576498	-0.406012	-0.413079	0.058853	-0.043732	0.062756	0.002817	1.555456
26.051499	-0.141988	-0.224291	-1.077081	-0.381936	-1.576410	-0.350947	-0.404539	0.058769	-0.044041	0.062755	0.002982	1.553896
26.089569	-0.156010	-0.222033	-1.078543	-0.379871	-1.576313	-0.296561	-0.398592	0.059170	-0.044603	0.062686	0.003226	1.563316
26.127350	-0.175264	-0.219240	-1.080764	-0.376884	-1.576149	-0.222142	-0.401883	0.057555	-0.044755	0.060779	0.003422	1.576108
26.165071	-0.189304	-0.217261	-1.082213	-0.374751	-1.576023	-0.167736	-0.402206	0.059746	-0.043822	0.061057	0.003199	1.532087
26.202360	-0.203563	-0.215289	-1.083706	-0.372521	-1.575897	-0.112700	-0.397881	0.058224	-0.043964	0.061581	0.003236	1.526283
26.240278	-0.217771	-0.213131	-1.085305	-0.370359	-1.575790	-0.057654	-0.399792	0.055976	-0.042672	0.058033	0.003239	1.477845
26.277668	-0.231837	-0.211258	-1.087022	-0.368303	-1.575683	-0.003200	-0.396543	0.056948	-0.042451	0.059432	0.002824	1.497084
26.313704	-0.246046	-0.209093	-1.088490	-0.365996	-1.575557	0.051817	-0.385466	0.058287	-0.043487	0.061127	0.003050	1.555000
26.349968	-0.260111	-0.206847	-1.090058	-0.363872	-1.575470	0.106291	-0.382897	0.056641	-0.043523	0.058414	0.002911	1.519306
26.387104	-0.274364	-0.205006	-1.091707	-0.361778	-1.575373	0.161365	-0.383841	0.052174	-0.039199	0.059838	0.002495	1.508111
26.423008	-0.288404	-0.202897	-1.093175	-0.359577	-1.575266	0.215761	-0.387390	0.054201	-0.041865	0.056999	0.002641	1.561601
26.459051	-0.302327	-0.200869	-1.094624	-0.357463	-1.575169	0.269566	-0.385966	0.055718	-0.042936	0.054342	0.002690	1.532955
26.494957	-0.316990	-0.198928	-1.096217	-0.355301	-1.575072	0.326444	-0.387916	0.056120	-0.041302	0.057346	0.002341	1.564882
26.531831	-0.331236	-0.196645	-1.097791	-0.352993	-1.574966	0.381432	-0.386524	0.054079	-0.040699	0.055530	0.002513	1.550002
26.568545	-0.336082	-0.195948	-1.098400	-0.352333	-1.574927	0.400185	-0.389632	0.054068	-0.040876	0.056207	0.002876	1.556784
26.605683	-0.350272	-0.193883	-1.099900	-0.350181	-1.574791	0.455221	-0.394201	0.056176	-0.041334	0.055749	0.002959	1.565045
26.642756	-0.369825	-0.191040	-1.102170	-0.347098	-1.574636	0.530832	-0.404200	0.055986	-0.042143	0.057910	0.003197	1.569363
26.679192	-0.383896	-0.189093	-1.103582	-0.345042	-1.574500	0.585267	-0.410889	0.058919	-0.044797	0.059484	0.003489	1.571029
26.715256	-0.397974	-0.187158	-1.105275	-0.342773	-1.574394	0.639702	-0.416019	0.061299	-0.045917	0.064843	0.003525	1.590603
26.750760	-0.412488	-0.185012	-1.106824	-0.340572	-1.574277	0.695950	-0.423458	0.061789	-0.047943	0.070300	0.003338	1.616599
26.785668	-0.431562	-0.182057	-1.108758	-0.337653	-1.574161	0.769797	-0.430711	0.067104	-0.050612	0.072023	0.003395	1.670224
26.820022	-0.446411	-0.180066	-1.110537	-0.335365	-1.574054	0.827218	-0.437323	0.067759	-0.050773	0.072920	0.003450	1.698036
26.855316	-0.465646	-0.177254	-1.112789	-0.332456	-1.573928	0.901608	-0.452284	0.064447	-0.049672	0.070395	0.003418	1.654488
26.889857	-0.484882	-0.174610	-1.114699	-0.329605	-1.573793	0.975988	-0.462173	0.065689	-0.050841	0.070213	0.003556	1.689688
26.923412	-0.498935	-0.172514	-1.116273	-0.327356	-1.573686	1.030433	-0.465767	0.069692	-0.052494	0.072072	0.003596	1.797074
26.957027	-0.513454	-0.170181	-1.118009	-0.325174	-1.573560	1.086593	-0.474918	0.069551	-0.052453	0.074455	0.003590	1.822719
26.990360	-0.527844	-0.168277	-1.119346	-0.323070	-1.573443	1.142279	-0.479177	0.068137	-0.053038	0.071935	0.003555	1.838864
27.023693	-0.542519	-0.166019	-1.121001	-0.320733	-1.573308	1.199119	-0.480172	0.070037	-0.052381	0.069539	0.003749	1.889697
27.057027	-0.556591	-0.164134	-1.122581	-0.318571	-1.573191	1.253563	-0.480471	0.067865	-0.050959	0.069847	0.003620	1.890221
27.090360	-0.575527	-0.161434	-1.124684	-0.315643	-1.573046	1.326799	-0.479202	0.066779	-0.049839	0.069266	0.003361	1.851518
27.123693	-0.589730	-0.159294	-1.126382	-0.313539	-1.572939	1.381816	-0.478244	0.068476	-0.050532	0.069882	0.003362	1.818051
27.157027	-0.604256	-0.157073	-1.127794	-0.311338	-1.572842	1.438064	-0.467531	0.068255	-0.051314	0.072791	0.003426	1.763102
27.190360	-0.623360	-0.154386	-1.129972	-0.308390	-1.572706	1.511814	-0.462169	0.069731	-0.053180	0.072448	0.003038	1.657146
27.223693	-0.637563	-0.152370	-1.131583	-0.306296	-1.572610	1.566860	-0.451182	0.069307	-0.052398	0.074399	0.003426	1.544849
27.257027	-0.652574	-0.150125	-1.133169	-0.303901	-1.572513	1.624960	-0.426112	0.068747	-0.051705	0.072311	0.003491	1.433279
27.290360	-0.671797	-0.147406	-1.135160	-0.301001	-1.572357	1.699311	-0.397744	0.064591	-0.048470	0.070087	0.004008	1.340689
27.323693	-0.686012	-0.145154	-1.136896	-0.298810	-1.572241	1.754347	-0.369700	0.059280	-0.044294	0.067383	0.003878	1.218400
27.357027	-0.704768	-0.142709	-1.138992	-0.295998	-1.572076	1.826914	-0.338608	0.053732	-0.039921	0.061292	0.003684	1.085420
27.390360	-0.718647	-0.140606	-1.140299	-0.293739	-1.571960	1.880360	-0.335485	0.046572	-0.035637	0.050923	0.003491	0.916327
27.423693	-0.730019	-0.138927	-1.141810	-0.292188	-1.571873	1.924196	-0.382727	0.043739	-0.038428	0.042915	0.002197	0.768963
27.457027	-0.739046	-0.137751	-1.142725	-0.290791	-1.571795	1.959258	-0.424482	0.046793	-0.066742	0.045207	0.001422	0.594619
27.490360	-0.740900	-0.137558	-1.142831	-0.290336	-1.571776	1.967296	-0.483892	0.065371	-0.157978	0.067315	0.000775	0.424857
27.543916	-0.741391	-0.137372	-1.142874	-0.290316	-1.571766	1.968363	-0.355371	0.054014	-0.156262	0.101900	0.000161	0.171166
27.610194	-0.741441	-0.137309	-1.142986	-0.290268	-1.571776	1.968295	-0.311624	0.055531	-0.180445	0.133387	0.000098	0.062329
27.690803	-0.744831	-0.136333	-1.146109	-0.287446	-1.571776	1.964737	-0.280672	0.060155	-0.208102	0.157352	0.000428	-0.023354
27.784081	-0.757472	-0.132967	-1.157394	-0.277585	-1.571747	1.952093	-0.271440	0.061206	-0.218378	0.192479	0.000693	-0.081242
27.889565	-0.795619	-0.123437	-1.191112	-0.248186	-1.571611	1.914587	-0.260662	0.062610	-0.227593	0.207850	0.000919	-0.111767
28.010443	-0.835601	-0.113334	-1.226465	-0.217390	-1.571475	1.875279	-0.245259	0.065824	-0.239877	0.214356	0.001194	-0.159321
28.144026	-0.879509	-0.102223	-1.265440	-0.183386	-1.571339	1.831917	-0.239714	0.067522	-0.246493	0.233983	0.001178	-0.181193
28.291267	-0.938055	-0.087268	-1.317435	-0.137823	-1.571116	1.773885	-0.236425	0.068058	-0.248272	0.237374	0.001185	-0.190270
28.452101	-0.981608	-0.076126	-1.356142	-0.103954	-1.570961	1.730717	-0.234322	0.068181	-0.247669	0.227567	0.001179	-0.203415
28.623059	-1.025379	-0.065103	-1.394892	-0.070075	-1.570767	1.687530	-0.237812	0.068246	-0.241901	0.219517	0.001134	-0.209778
28.801657	-1.084559	-0.050035	-1.447316	-0.024153	-1.570525	1.629013	-0.243238	0.066121	-0.235788	0.203514	0.001074	-0.217628
28.980452	-1.131085	-0.038153	-1.488636	0.011965	-1.570350	1.582936	-0.254531	0.066716	-0.229815	0.203290	0.000988	-0.229496
29.163107	-1.174713	-0.027080	-1.527393	0.045825	-1.570215	1.539749	-0.256661	0.065433	-0.225643	0.199244	0.000861	-0.240171
29.348184	-1.219373	-0.015708	-1.566977	0.080450	-1.570050	1.495573	-0.259680	0.062700	-0.222505	0.190153	0.000803	-0.238854
29.530284	-1.263070	-0.004628	-1.605721	0.114309	-1.569933	1.452405	-0.264144	0.065629	-0.226380	0.193036	0.000887	-0.244550
29.709710	-1.306697	0.006464	-1.644434	0.148159	-1.569778	1.409247	-0.261596	0.068457	-0.236166	0.202569	0.000877	-0.244255
29.884223	-1.351277	0.017879	-1.683975	0.182804	-1.569584	1.365070	-0.261085	0.068417	-0.242298	0.214881	0.001025	-0.235510
30.054129	-1.396460	0.029245	-1.723982	0.217778	-1.569410	1.320448	-0.260037	0.068009	-0.245542	0.213362	0.001052	-0.227900
30.205570	-1.440106	0.040380	-1.762720	0.251647	-1.569216	1.277290	-0.269289	0.069651	-0.252574	0.246556	0.001209	-0.239838
30.353183	-1.498826	0.055336	-1.814802	0.297191	-1.569012	1.219229	-0.254857	0.055840	-0.244646	0.231643	0.001270	-0.225211
30.482705	-1.556513	0.070011	-1.866031	0.341949	-1.568838	1.162108	-0.266034	0.031447	-0.223016	0.252215	0.001331	-0.238395
30.598926	-1.601018	0.081302	-1.905503	0.376555	-1.568692	1.118068	-0.268672	-0.007854	-0.182620	0.270706	0.001706	-0.244371
30.710126	-1.642114	0.088954	-1.939570	0.408746	-1.568498	1.077576	-0.251796	-0.055044	-0.128745	0.237574	0.002906	-0.233935
30.809236	-1.665050	0.088948	-1.954823	0.427586	-1.568207	1.054993	-0.251104	-0.115568	-0.044631	0.226330	0.005435	-0.231881
30.900435	-1.688105	0.074963	-1.958680	0.449170	-1.567471	1.032479	-0.237564	-0.200938	0.067577	0.183646	0.008411	-0.234436
30.982494	-1.696280	0.040175	-1.934786	0.461504	-1.566365	1.024528	-0.225073	-0.291080	0.199051	0.143643	0.012840	-0.222990
31.061375	-1.695390	-0.003577	-1.893901	0.465285	-1.565114	1.026031	-0.195265	-0.388117	0.343153	0.069473	0.016171	-0.202466
31.115889	-1.691570	-0.049451	-1.847207	0.464907	-1.563757	1.030181	-0.207890	-0.654055	0.684951	0.047145	0.027273	-0.264898
31.185630	-1.687751	-0.096749	-1.796680	0.461746	-1.562254	1.034331	-0.105234	-0.580283	0.632824	-0.030718	0.024068	-0.163469
31.265289	-1.683066	-0.161198	-1.723832	0.453495	-1.560140	1.039547	-0.052865	-0.561013	0.654221	-0.083530	0.021667	-0.115995
31.361297	-1.679999	-0.207407	-1.668690	0.444981	-1.558472	1.043067	-0.014596	-0.495048	0.593576	-0.097037	0.018224	-0.066227
31.452029	-1.676261	-0.266755	-1.594704	0.430592	-1.556543	1.047333	0.002116	-0.544392	0.690498	-0.130151	0.019426	-0.046289
31.569623	-1.673498	-0.310906	-1.537296	0.417619	-1.554904	1.050194	0.014746	-0.402958	0.511007	-0.124324	0.015099	-0.011362
31.683792	-1.671147	-0.356207	-1.476169	0.402163	-1.553198	1.053093	0.019969	-0.396797	0.514271	-0.134388	0.014570	-0.006072
31.790447	-1.668820	-0.402640	-1.411732	0.384283	-1.551617	1.055944	0.020823	-0.387822	0.508841	-0.149695	0.016485	0.008446
31.876882	-1.666599	-0.447854	-1.346648	0.364910	-1.549988	1.058426	0.022753	-0.410979	0.569012	-0.170329	0.018223	0.022077
31.959454	-1.664186	-0.503159	-1.264805	0.338710	-1.547991	1.061344	0.020739	-0.379899	0.509400	-0.161899	0.017014	0.023967
32.026009	-1.663134	-0.524814	-1.232052	0.327686	-1.547244	1.062421	0.021068	-0.393697	0.544861	-0.173967	0.014051	0.026449
32.087732	-1.662170	-0.547769	-1.196549	0.315313	-1.546459	1.063429	0.019466	-0.366288	0.482158	-0.142088	0.009810	0.025025
32.152059	-1.662095	-0.551745	-1.190284	0.313025	-1.546274	1.063739	0.014880	-0.308338	0.329523	-0.066748	0.004824	0.020907
32.199581	-1.662083	-0.551950	-1.190004	0.312870	-1.546255	1.063739	0.016363	-0.350189	0.228851	0.064692	0.001542	0.024464
32.232915	-1.662077	-0.552466	-1.190185	0.314062	-1.546255	1.063710	0.018626	-0.389987	0.113151	0.273435	0.000518	0.028783
32.266248	-1.662070	-0.554986	-1.195031	0.321907	-1.546255	1.063710	0.013948	-0.248471	-0.066956	0.381680	-0.000518	0.025234
32.299581	-1.662064	-0.559595	-1.203852	0.335064	-1.546255	1.063720	0.009543	-0.190854	-0.200244	0.433389	-0.001034	0.021438
32.332915	-1.662033	-0.574389	-1.232450	0.377563	-1.546333	1.063798	0.006134	-0.128927	-0.231811	0.442732	-0.001229	0.017511
32.366248	-1.661977	-0.585699	-1.254360	0.410434	-1.546410	1.063885	0.004939	-0.124261	-0.225750	0.443485	-0.001422	0.012276
32.399581	-1.661903	-0.590850	-1.264370	0.425521	-1.546439	1.063914	0.004243	-0.151424	-0.179129	0.430035	-0.001228	0.008668
32.432915	-1.661834	-0.594265	-1.271039	0.436294	-1.546468	1.063933	0.004678	-0.181896	-0.122535	0.367409	-0.000776	0.005978
32.466248	-1.661834	-0.594794	-1.272277	0.438301	-1.546468	1.063943	0.004454	-0.199982	-0.057180	0.252183	-0.002198	0.003985
32.499581	-1.661846	-0.595043	-1.272463	0.438572	-1.546478	1.063943	0.004280	-0.192771	0.001831	0.111667	-0.011377	0.003171
32.532915	-1.661828	-0.597307	-1.269110	0.437370	-1.546759	1.064050	0.004193	-0.152544	0.069124	0.003799	-0.022043	0.003142
32.566248	-1.661119	-0.607472	-1.252593	0.431921	-1.548165	1.064554	0.004131	-0.121733	0.125770	-0.050033	-0.030834	0.003243
32.599581	-1.660665	-0.619161	-1.233843	0.425870	-1.549775	1.065262	0.004143	-0.107702	0.153925	-0.063071	-0.032127	0.003258
32.632915	-1.660049	-0.628312	-1.218994	0.420867	-1.551093	1.065650	0.003907	-0.098388	0.159862	-0.066322	-0.024176	0.003418
32.666248	-1.659756	-0.630278	-1.216269	0.419868	-1.551433	1.065785	0.003757	-0.097047	0.162136	-0.063995	-0.013963	0.003316
32.699581	-1.659856	-0.630322	-1.216083	0.419810	-1.551443	1.065834	0.003359	-0.096437	0.157764	-0.047843	-0.003815	0.003098
32.732915	-1.659937	-0.630334	-1.215946	0.419800	-1.551443	1.065834	0.003521	-0.090227	0.120029	-0.027515	-0.001034	0.002923
32.766248	-1.659974	-0.630340	-1.215896	0.419810	-1.551443	1.065843	0.003670	-0.062283	0.067595	-0.006776	0.000711	0.002865
32.799581	-1.659999	-0.630340	-1.215846	0.419829	-1.551433	1.065863	0.003546	-0.030404	0.015872	-0.001506	0.000388	0.002851
32.832915	-1.659962	-0.630378	-1.215728	0.420072	-1.551336	1.065843	0.002165	-0.005446	0.004355	-0.000103	0.000259	0.002851
32.866248	-1.660024	-0.630403	-1.215908	0.419887	-1.551384	1.065892	0.001257	-0.000085	0.000729	0.000000	-0.001228	0.002793
32.899581	-1.660024	-0.630390	-1.215908	0.419878	-1.551404	1.065882	-0.000000	0.000034	0.000213	0.000068	-0.002004	0.002211
32.932915	-1.660154	-0.630309	-1.215871	0.419849	-1.551627	1.065921	-0.000572	0.000068	0.000000	0.000068	-0.001163	0.001120
32.966248	-1.660074	-0.630309	-1.215915	0.419800	-1.551636	1.065979	-0.000361	0.000085	-0.000107	-0.000582	-0.000582	0.000378
32.999581	-1.660011	-0.630309	-1.215908	0.419800	-1.551520	1.065921	-0.000211	0.000085	-0.000373	-0.000548	-0.000323	0.000320
33.032915	-1.660055	-0.630309	-1.215902	0.419829	-1.551491	1.065873	-0.000124	0.000187	-0.000426	-0.000034	0.001745	0.000436
33.132915	-1.660036	-0.630309	-1.215902	0.419839	-1.551462	1.065843	-0.000012	0.000085	0.000018	0.000000	0.000409	0.000286
33.166248	-1.660036	-0.630309	-1.215902	0.419849	-1.551443	1.065843	0.000112	0.000289	0.000462	0.000274	0.000581	0.001207
33.199581	-1.660049	-0.630309	-1.215896	0.419868	-1.551443	1.065843	0.001020	0.000509	0.014806	0.000205	0.000194	0.001469
33.232915	-1.660042	-0.630309	-1.215896	0.419868	-1.551443	1.065843	0.001978	0.004632	0.059455	-0.028028	0.000065	0.001774
33.266248	-1.660036	-0.630309	-1.215896	0.419868	-1.551443	1.065843	0.003235	0.011215	0.152822	-0.111975	0.000000	0.001862
33.299581	-1.660042	-0.630309	-1.215890	0.419868	-1.551443	1.065843	0.004006	0.013522	0.290662	-0.278979	-0.000129	0.001818
33.332915	-1.660036	-0.630284	-1.215747	0.419858	-1.551443	1.065843	0.003994	0.011045	0.442436	-0.513127	-0.001163	0.001818
33.366248	-1.660018	-0.630123	-1.210726	0.411878	-1.551462	1.065863	0.004205	-0.004038	0.595454	-0.754872	-0.003103	0.001309
33.399581	-1.659906	-0.628611	-1.195099	0.388113	-1.551617	1.065970	0.004243	-0.009026	0.632140	-0.987377	-0.006335	0.000058
33.432915	-1.659514	-0.626197	-1.162420	0.340805	-1.551908	1.066222	0.004218	-0.012436	0.654340	-1.041688	-0.009825	-0.002211
33.466248	-1.659035	-0.625351	-1.114171	0.274472	-1.552393	1.066483	0.003820	-0.012453	0.655033	-1.076013	-0.011441	-0.005265
33.499581	-1.658537	-0.626259	-1.061043	0.205988	-1.552916	1.066716	0.000411	-0.008347	0.644884	-1.070161	-0.010408	-0.008988
33.532915	-1.658070	-0.631790	-1.007487	0.140111	-1.553265	1.066949	-0.003708	0.025212	0.586709	-0.994975	-0.008403	-0.014254
33.566248	-1.658014	-0.633619	-0.994647	0.124723	-1.553362	1.067026	-0.009294	0.132473	0.370966	-0.829579	-0.004461	-0.018297
33.599581	-1.657952	-0.634869	-0.986877	0.115017	-1.553459	1.067104	-0.016224	0.249099	0.097634	-0.530272	-0.002456	-0.022602
33.632915	-1.657915	-0.634875	-0.986628	0.114930	-1.553469	1.067104	-0.021836	0.383438	-0.253300	-0.198591	-0.000840	-0.028885
33.666248	-1.657927	-0.633370	-0.990168	0.116549	-1.553469	1.067065	-0.027584	0.555782	-0.672132	0.114952	0.000841	-0.034179
33.699581	-1.658139	-0.621040	-1.009415	0.124035	-1.553430	1.066687	-0.034875	0.684912	-1.002075	0.344685	0.002456	-0.037772
33.735539	-1.659837	-0.581549	-1.072154	0.147315	-1.553295	1.065087	-0.039746	0.763258	-1.170209	0.429269	0.003836	-0.040517
33.777217	-1.661890	-0.537275	-1.141132	0.172041	-1.553101	1.063002	-0.040619	0.763560	-1.176688	0.424047	0.005429	-0.041283
33.824881	-1.664690	-0.485603	-1.219927	0.198890	-1.552848	1.060520	-0.041225	0.763515	-1.157572	0.406255	0.005651	-0.039729
33.878504	-1.668148	-0.421564	-1.314032	0.228968	-1.552441	1.057233	-0.043296	0.754107	-1.124156	0.380196	0.005344	-0.037647
33.938782	-1.670935	-0.375125	-1.379837	0.248322	-1.552179	1.054538	-0.042397	0.737994	-1.065788	0.332527	0.004826	-0.034175
34.005806	-1.673698	-0.329898	-1.441904	0.265154	-1.551956	1.051764	-0.040512	0.727622	-1.004736	0.275842	0.004565	-0.030858
34.073591	-1.676951	-0.283558	-1.503386	0.280222	-1.551733	1.048662	-0.041341	0.716802	-0.967174	0.239304	0.004419	-0.030590
34.138748	-1.680472	-0.234549	-1.566062	0.293826	-1.551384	1.045229	-0.043067	0.719006	-0.934542	0.208499	0.004762	-0.032538
34.199810	-1.683931	-0.190063	-1.620695	0.303978	-1.551006	1.041836	-0.044127	0.709300	-0.900679	0.168993	0.005681	-0.036443
34.252958	-1.687545	-0.144040	-1.675060	0.312327	-1.550696	1.038083	-0.048131	0.707484	-0.873440	0.153786	0.006568	-0.048474
34.299359	-1.692839	-0.084593	-1.742004	0.319609	-1.550328	1.032954	-0.051733	0.720030	-0.867536	0.134993	0.006780	-0.074560
34.339915	-1.696286	-0.047074	-1.782278	0.322285	-1.549959	1.029512	-0.055037	0.726916	-0.850950	0.100217	0.006907	-0.126450
34.375555	-1.698644	-0.021948	-1.808388	0.323167	-1.549717	1.027039	-0.059743	0.750011	-0.793972	0.075217	0.006227	-0.233102
34.408889	-1.699962	-0.009176	-1.821408	0.323526	-1.549629	1.025749	-0.060916	0.746127	-0.751583	0.061087	0.003814	-0.326784
34.442222	-1.700230	-0.007950	-1.822945	0.323555	-1.549620	1.025633	-0.055628	0.725241	-0.738999	0.036207	-0.001357	-0.431387
34.475555	-1.700255	-0.007614	-1.823013	0.323555	-1.549639	1.025633	-0.048648	0.700046	-0.669466	0.011567	-0.024758	-0.508982
34.508889	-1.700261	-0.005605	-1.824637	0.323613	-1.550075	1.025507	-0.041780	0.564554	-0.507418	-0.010232	-0.062574	-0.586402
34.542222	-1.700697	0.010476	-1.839779	0.324282	-1.553382	1.024140	-0.034638	0.465861	-0.406070	-0.024914	-0.110796	-0.661814
34.575555	-1.701630	0.039030	-1.865565	0.324806	-1.559006	1.021115	-0.024137	0.396214	-0.330032	-0.037781	-0.156756	-0.740790
34.608889	-1.702874	0.075859	-1.897329	0.324030	-1.566239	1.010807	-0.017369	0.358990	-0.309858	-0.053831	-0.154171	-0.818952
34.642222	-1.704155	0.112643	-1.927258	0.319948	-1.573279	0.975028	-0.012803	0.353934	-0.304330	-0.066151	-0.124177	-0.894670
34.675555	-1.704765	0.122410	-1.934300	0.316360	-1.575228	0.931463	-0.010352	0.350626	-0.298873	-0.080114	-0.076342	-0.968730
34.708889	-1.704796	0.123741	-1.934916	0.312870	-1.575509	0.878279	-0.010115	0.342770	-0.264107	-0.094248	-0.031868	-1.073770
34.742222	-1.704821	0.123331	-1.932851	0.308312	-1.575363	0.805663	-0.010314	0.296859	-0.197525	-0.106191	-0.005430	-1.152906
34.775555	-1.704865	0.122454	-1.931296	0.304822	-1.575150	0.751258	-0.010352	0.217796	-0.102770	-0.110264	0.004977	-1.208204
34.808889	-1.704908	0.121825	-1.929454	0.301418	-1.574966	0.696745	-0.009481	0.113742	-0.017027	-0.109922	0.006464	-1.289900
34.842222	-1.704970	0.120948	-1.928104	0.297976	-1.574743	0.641651	-0.007627	0.011741	0.031549	-0.109682	0.006335	-1.372512
34.875555	-1.705045	0.120077	-1.926524	0.294398	-1.574520	0.586644	-0.005201	-0.017068	0.048541	-0.109545	0.006013	-1.480010
34.908889	-1.705138	0.119325	-1.924944	0.290995	-1.574277	0.530987	-0.002899	-0.021411	0.049306	-0.105438	0.006076	-1.558404
34.942222	-1.705288	0.118889	-1.923208	0.287591	-1.574122	0.476582	-0.001767	-0.022820	0.045520	-0.101708	0.005560	-1.630108
34.975555	-1.705412	0.117564	-1.921311	0.282898	-1.573918	0.404044	-0.001779	-0.023023	0.047244	-0.102222	0.005236	-1.713142
35.008889	-1.705437	0.116948	-1.919644	0.279592	-1.573754	0.349570	-0.001817	-0.022972	0.047635	-0.105986	0.004977	-1.745009
35.042222	-1.705437	0.116152	-1.918039	0.276072	-1.573579	0.294573	-0.001854	-0.023498	0.048985	-0.105541	0.005495	-1.700940
35.075555	-1.705443	0.115891	-1.917000	0.273706	-1.573424	0.257669	-0.001866	-0.023091	0.049483	-0.109853	0.006205	-1.732108
35.108889	-1.705474	0.114964	-1.915762	0.270167	-1.573191	0.202012	-0.001829	-0.023159	0.048897	-0.109853	0.005752	-1.706612
35.142222	-1.705605	0.114012	-1.913497	0.265620	-1.572939	0.128757	-0.001804	-0.023566	0.049128	-0.110298	0.005625	-1.712095
35.175555	-1.705648	0.113402	-1.911861	0.262129	-1.572784	0.074361	-0.001692	-0.021700	0.049288	-0.106054	0.005818	-1.717404
35.208889	-1.705686	0.112332	-1.909914	0.257601	-1.572580	0.001736	-0.001580	-0.022582	0.048968	-0.105883	0.005818	-1.721011
35.242222	-1.705729	0.111611	-1.908222	0.254120	-1.572396	-0.053242	-0.001505	-0.022294	0.047190	-0.114610	0.006141	-1.719382
35.275555	-1.705791	0.110833	-1.906642	0.250571	-1.572183	-0.108918	-0.001568	-0.024516	0.051172	-0.110743	0.006206	-1.749198
35.308889	-1.705841	0.110248	-1.905087	0.247158	-1.571960	-0.163421	-0.001754	-0.023617	0.051226	-0.114781	0.006658	-1.749242
35.342222	-1.705885	0.109607	-1.903556	0.243706	-1.571747	-0.219640	-0.001866	-0.023023	0.050194	-0.111598	0.006076	-1.751060
35.375555	-1.705947	0.108668	-1.901454	0.238848	-1.571514	-0.294602	-0.001953	-0.023990	0.050355	-0.109032	0.005559	-1.727425
35.408889	-1.705984	0.107977	-1.900483	0.236618	-1.571417	-0.330885	-0.001829	-0.022955	0.050408	-0.113104	0.005365	-1.753809
35.442222	-1.706078	0.106901	-1.898194	0.231964	-1.571194	-0.405275	-0.001841	-0.022158	0.049501	-0.108998	0.005624	-1.780061
35.475555	-1.706165	0.106304	-1.896607	0.228260	-1.571010	-0.463327	-0.001817	-0.022888	0.048168	-0.108655	0.006205	-1.807216
35.508889	-1.706221	0.105570	-1.895382	0.225613	-1.570845	-0.505670	-0.001817	-0.024143	0.050141	-0.112625	0.006400	-1.808045
35.542222	-1.706314	0.104606	-1.893242	0.220939	-1.570535	-0.578848	-0.001842	-0.024465	0.051918	-0.112865	0.006335	-1.782665
35.575555	-1.706376	0.103915	-1.891699	0.217458	-1.570341	-0.635164	-0.001854	-0.023108	0.050390	-0.112659	0.006012	-1.755510
35.608889	-1.706451	0.103486	-1.890324	0.214006	-1.570176	-0.689570	-0.001842	-0.024364	0.051865	-0.112112	0.006076	-1.728341
35.642222	-1.706519	0.102441	-1.888757	0.210555	-1.570021	-0.743976	-0.001804	-0.023091	0.051136	-0.115294	0.005947	-1.677349
35.675555	-1.706569	0.101396	-1.886424	0.205726	-1.569788	-0.820790	-0.001866	-0.023346	0.050585	-0.114405	0.005883	-1.731847
35.708889	-1.706594	0.100637	-1.884962	0.202303	-1.569575	-0.875816	-0.001692	-0.023210	0.050728	-0.114884	0.006658	-1.760819
35.742222	-1.706638	0.100195	-1.883326	0.198803	-1.569342	-0.930270	-0.001680	-0.023040	0.050230	-0.110709	0.006594	-1.730058
35.775555	-1.706712	0.099044	-1.881229	0.194265	-1.569080	-1.002837	-0.001754	-0.021700	0.046568	-0.110503	0.006335	-1.728225
35.808889	-1.706768	0.098434	-1.879718	0.190842	-1.568925	-1.057253	-0.001704	-0.022650	0.047297	-0.102393	0.005560	-1.722800
35.842222	-1.706806	0.097744	-1.878281	0.187274	-1.568770	-1.112919	-0.001742	-0.022463	0.048648	-0.103317	0.005430	-1.744617
35.875555	-1.706849	0.097060	-1.876644	0.183812	-1.568595	-1.168546	-0.001792	-0.021768	0.047599	-0.102838	0.004202	-1.744617
35.908889	-1.706918	0.096158	-1.875126	0.180331	-1.568392	-1.223631	-0.001854	-0.021038	0.047422	-0.102735	0.004848	-1.744602
35.942222	-1.706924	0.095959	-1.874560	0.179207	-1.568333	-1.241773	-0.001829	-0.022497	0.045946	-0.099278	0.005559	-1.687442
35.975555	-1.707005	0.095181	-1.872744	0.175376	-1.568091	-1.301647	-0.001842	-0.021751	0.045751	-0.098731	0.005882	-1.719237
36.008889	-1.707098	0.094204	-1.870660	0.170800	-1.567820	-1.374195	-0.001829	-0.022362	0.046657	-0.102495	0.005947	-1.718248
36.042222	-1.707166	0.093414	-1.869229	0.167377	-1.567655	-1.429793	-0.001792	-0.022379	0.047031	-0.107013	0.006012	-1.713710
36.075555	-1.707247	0.092923	-1.867437	0.163838	-1.567500	-1.484228	-0.001792	-0.022514	0.047742	-0.110982	0.005301	-1.684970
36.108889	-1.707347	0.091946	-1.866162	0.160435	-1.567344	-1.539303	-0.001804	-0.022005	0.049928	-0.114507	0.005559	-1.673872
36.142222	-1.707446	0.091069	-1.864153	0.155887	-1.567092	-1.611850	-0.001779	-0.022938	0.051030	-0.106773	0.006141	-1.626880
36.175555	-1.707484	0.090235	-1.862479	0.152387	-1.566869	-1.666324	-0.001717	-0.023532	0.047777	-0.106807	0.006270	-1.560979
36.208889	-1.707515	0.089539	-1.860793	0.148886	-1.566627	-1.723212	-0.001817	-0.022718	0.046764	-0.106465	0.006270	-1.481552
36.242222	-1.707552	0.088804	-1.859387	0.145347	-1.566452	-1.778267	-0.001754	-0.022328	0.047244	-0.106294	0.005429	-1.427388
36.275555	-1.707608	0.088089	-1.857652	0.141730	-1.566288	-1.835699	-0.001605	-0.022446	0.047493	-0.106089	0.004848	-1.391798
36.308889	-1.707664	0.087548	-1.856016	0.138211	-1.566132	-1.890095	-0.001481	-0.021445	0.045520	-0.101708	0.004849	-1.365968
36.342222	-1.707708	0.086552	-1.854547	0.134865	-1.565968	-1.945111	-0.002028	-0.019087	0.040490	-0.095343	0.005624	-1.267065
36.375555	-1.707739	0.085874	-1.853260	0.131336	-1.565774	-1.999507	-0.005250	-0.016848	0.035104	-0.084289	0.005689	-1.211956
36.408889	-1.707776	0.085227	-1.851592	0.128136	-1.565551	-2.051625	-0.009306	-0.015694	0.038481	-0.076384	0.005042	-1.127628
36.442222	-1.707832	0.084692	-1.849932	0.124684	-1.565337	-2.106738	-0.010775	-0.018680	0.068306	-0.068615	0.003943	-1.028828
36.475555	-1.707882	0.084083	-1.849191	0.122900	-1.565269	-2.132870	-0.004118	-0.037648	0.129005	-0.085624	0.002456	-0.934391
36.508889	-1.707900	0.084070	-1.848967	0.122677	-1.565250	-2.137728	0.010041	-0.112809	0.262401	-0.123884	-0.013640	-0.809789
36.542222	-1.707907	0.084058	-1.849005	0.122629	-1.565260	-2.138125	0.024560	-0.213402	0.385700	-0.174807	-0.061215	-0.713374
36.575555	-1.708261	0.083784	-1.846435	0.119991	-1.567471	-2.142760	0.034278	-0.374344	0.557168	-0.186819	-0.144216	-0.616043
36.608889	-1.709972	0.081955	-1.834958	0.111711	-1.574471	-2.157625	0.046558	-0.545229	0.746179	-0.186579	-0.254237	-0.554666
36.642222	-1.712100	0.074285	-1.811467	0.097477	-1.586882	-2.182990	0.054608	-0.671204	0.893012	-0.199823	-0.294056	-0.430994
36.682778	-1.712871	0.046185	-1.763099	0.079558	-1.603386	-2.213572	0.051796	-0.688663	0.903819	-0.181451	-0.213263	-0.278210
36.728907	-1.709574	0.008305	-1.718700	0.073255	-1.609417	-2.220282	0.051202	-0.697087	0.913472	-0.188856	-0.132284	-0.178605
36.780506	-1.702532	-0.051385	-1.656976	0.070725	-1.610532	-2.212690	0.050243	-0.708817	0.931994	-0.177592	-0.057419	-0.100009
36.836940	-1.695328	-0.114690	-1.589534	0.066158	-1.609940	-2.201170	0.050069	-0.725480	0.945086	-0.165167	-0.003437	-0.043977
36.898172	-1.690525	-0.161416	-1.536985	0.060088	-1.609426	-2.193161	0.049640	-0.739797	0.948020	-0.154626	0.007284	0.000633
36.963308	-1.684429	-0.223140	-1.464144	0.048510	-1.608806	-2.183058	0.051198	-0.756998	0.953261	-0.157443	0.008072	0.011507
37.030071	-1.680435	-0.269648	-1.406544	0.037263	-1.608418	-2.175698	0.054473	-0.770778	0.962329	-0.188139	0.007617	0.014836
37.099964	-1.676267	-0.318259	-1.344048	0.023242	-1.607875	-2.168562	0.056905	-0.781796	1.008634	-0.217202	0.005734	0.014900
37.168406	-1.672404	-0.366571	-1.279698	0.006865	-1.607526	-2.161678	0.060269	-0.800016	1.076673	-0.281712	0.006139	0.024899
37.236500	-1.668994	-0.416339	-1.210907	-0.012411	-1.607245	-2.154890	0.057799	-0.814049	1.173201	-0.329835	0.005348	0.041672
37.303455	-1.665517	-0.468104	-1.136939	-0.034955	-1.606779	-2.148335	0.051932	-0.811362	1.175398	-0.400023	0.005760	0.061895
37.365355	-1.662313	-0.519868	-1.060241	-0.060030	-1.606382	-2.142101	0.048455	-0.809247	1.226420	-0.446730	0.006544	0.080805
37.422512	-1.658238	-0.592759	-0.948207	-0.099503	-1.606023	-2.134063	0.046845	-0.806816	1.201663	-0.486498	0.007276	0.083202
37.474383	-1.655420	-0.653681	-0.850824	-0.136107	-1.605616	-2.127935	0.042999	-0.804292	1.247537	-0.501434	0.006439	0.077529
37.520949	-1.652440	-0.724445	-0.733609	-0.182610	-1.605199	-2.121574	0.040096	-0.801569	1.251249	-0.508244	0.005553	0.071338
37.571005	-1.650997	-0.758984	-0.674708	-0.207054	-1.605092	-2.118772	0.030010	-0.649208	1.004507	-0.413261	0.003874	0.051604
37.618256	-1.650537	-0.774157	-0.648157	-0.218418	-1.605053	-2.117598	0.022329	-0.572865	0.858343	-0.311383	0.001185	0.042406
37.670466	-1.650375	-0.776913	-0.643392	-0.220590	-1.605024	-2.117433	0.012098	-0.416958	0.538150	-0.145973	0.001032	0.024793
37.715019	-1.650338	-0.777174	-0.643137	-0.220687	-1.605024	-2.117414	0.005688	-0.308826	0.322867	0.059222	0.007303	0.019881
37.749827	-1.650363	-0.777155	-0.644418	-0.218758	-1.604918	-2.117482	-0.001978	-0.195084	-0.182042	0.341749	0.024761	0.012243
37.783160	-1.650972	-0.773802	-0.658789	-0.203884	-1.603599	-2.118888	-0.014893	0.021429	-0.456406	0.643137	0.040272	0.001178
37.816494	-1.652428	-0.765858	-0.686149	-0.175415	-1.601146	-2.121564	-0.024872	0.137003	-0.674283	0.835362	0.073756	-0.008872
37.849827	-1.653734	-0.759332	-0.710759	-0.149837	-1.598983	-2.123959	-0.032200	0.210840	-0.856735	0.943333	0.105883	-0.021104
37.883160	-1.656577	-0.744110	-0.767015	-0.091193	-1.593932	-2.129340	-0.035659	0.248115	-0.975325	1.105409	0.122497	-0.030034
37.916494	-1.659520	-0.728377	-0.825710	-0.029865	-1.588647	-2.134916	-0.036816	0.257107	-1.007887	1.234393	0.120234	-0.043764
37.949827	-1.661716	-0.716588	-0.869798	0.016299	-1.584681	-2.139202	-0.037127	0.262689	-1.012295	1.216392	0.122884	-0.047502
37.983160	-1.663346	-0.708750	-0.898856	0.046591	-1.582034	-2.141994	-0.037189	0.254970	-0.968677	1.125806	0.112154	-0.050556
38.016494	-1.665685	-0.696849	-0.943616	0.093268	-1.578078	-2.146251	-0.037127	0.233270	-0.876322	0.983613	0.092761	-0.051865
38.049827	-1.667856	-0.685937	-0.984513	0.135884	-1.574481	-2.150081	-0.036181	0.215404	-0.761998	0.769759	0.070847	-0.051953
38.083160	-1.668540	-0.682901	-0.996152	0.148101	-1.573424	-2.151264	-0.033033	0.173820	-0.596112	0.606998	0.044473	-0.052840
38.116494	-1.668826	-0.680836	-1.003474	0.155965	-1.572755	-2.152010	-0.030396	0.130861	-0.470164	0.444135	0.023077	-0.057625
38.149827	-1.668945	-0.680313	-1.004837	0.157351	-1.572619	-2.152127	-0.024685	0.098693	-0.344002	0.277644	0.007950	-0.067486
38.183160	-1.668938	-0.680326	-1.004837	0.157361	-1.572619	-2.152117	-0.019123	0.077010	-0.214695	0.141543	0.001551	-0.086583
38.216494	-1.668932	-0.680351	-1.004837	0.157351	-1.572619	-2.152098	-0.018290	0.044536	-0.108885	0.050307	-0.000258	-0.090248
38.249827	-1.668926	-0.680376	-1.004837	0.157351	-1.572619	-2.152098	-0.019895	0.021904	-0.040507	0.010301	-0.000517	-0.091615
38.283160	-1.669063	-0.680394	-1.004806	0.157390	-1.572706	-2.151981	-0.020554	0.069799	-0.024920	-0.007974	-0.000388	-0.086467
38.316494	-1.668945	-0.680401	-1.004744	0.157390	-1.572697	-2.152030	-0.019770	0.142941	-0.039121	-0.062421	-0.000323	-0.080212
38.349827	-1.668932	-0.680512	-1.004849	0.157235	-1.572677	-2.152039	-0.019123	0.220697	-0.058353	-0.135896	0.000130	-0.073493
38.383160	-1.668920	-0.680519	-1.004831	0.157206	-1.572668	-2.152098	-0.018887	0.271596	-0.072750	-0.211082	0.003103	-0.065159
38.416494	-1.669081	-0.677906	-1.005490	0.154539	-1.572600	-2.153533	-0.018613	0.287256	-0.077158	-0.260841	0.006981	-0.052462
38.449827	-1.670861	-0.657308	-1.010716	0.139675	-1.572270	-2.161484	-0.017132	0.289191	-0.077549	-0.277884	0.009697	-0.040303
38.483160	-1.673293	-0.628424	-1.017982	0.118847	-1.571640	-2.172508	-0.012778	0.289920	-0.077673	-0.279355	0.011442	-0.026282
38.516494	-1.675962	-0.599391	-1.025260	0.097545	-1.571223	-2.183756	0.000970	0.296164	-0.085938	-0.279047	0.011571	-0.001745
38.549827	-1.677741	-0.580740	-1.030299	0.083446	-1.570913	-2.191241	0.015415	0.312095	-0.104957	-0.273127	0.009244	0.026442
38.583160	-1.678102	-0.575023	-1.031842	0.078763	-1.570748	-2.193695	0.042215	0.355953	-0.159008	-0.247118	0.004202	0.054978
38.616494	-1.678270	-0.574339	-1.031979	0.078200	-1.570719	-2.194024	0.062570	0.393618	-0.207034	-0.182815	0.002392	0.084227
38.649827	-1.678251	-0.574090	-1.032010	0.078210	-1.570719	-2.194024	0.096301	0.418559	-0.287089	-0.069950	-0.000711	0.124267
38.683160	-1.677505	-0.571807	-1.034866	0.078550	-1.570748	-2.193006	0.142062	0.397368	-0.323793	-0.018412	-0.003815	0.155102
38.716494	-1.675321	-0.566078	-1.041553	0.079442	-1.570913	-2.190417	0.192676	0.408158	-0.411456	0.028267	-0.006659	0.187303
38.749827	-1.668441	-0.550003	-1.060689	0.081837	-1.571291	-2.182534	0.221529	0.468321	-0.516199	0.035488	-0.012476	0.232783
38.783160	-1.661355	-0.533579	-1.079818	0.083921	-1.571718	-2.174409	0.263943	0.556664	-0.617370	0.029157	-0.015450	0.273522
38.816494	-1.647837	-0.503837	-1.113324	0.086617	-1.572590	-2.159030	0.306246	0.604187	-0.663547	0.014168	-0.019457	0.323206
38.851361	-1.637647	-0.482723	-1.136392	0.087732	-1.573143	-2.147443	0.345268	0.645300	-0.694618	0.001898	-0.023855	0.366514
38.890726	-1.620769	-0.449733	-1.171316	0.088275	-1.574054	-2.128235	0.356518	0.624883	-0.651975	-0.019995	-0.024139	0.364347
38.933987	-1.598050	-0.409023	-1.212145	0.086462	-1.575228	-2.102365	0.358117	0.624510	-0.613559	-0.040687	-0.020222	0.358642
38.980377	-1.574523	-0.370913	-1.248040	0.082263	-1.576323	-2.075856	0.365172	0.613202	-0.581866	-0.068852	-0.018160	0.373152
39.029171	-1.562529	-0.352804	-1.264220	0.079412	-1.576760	-2.062407	0.375874	0.591394	-0.537716	-0.100693	-0.015721	0.373852
39.077752	-1.543990	-0.326595	-1.286641	0.074244	-1.577593	-2.041657	0.389965	0.575297	-0.494298	-0.127009	-0.016632	0.403450
39.125951	-1.524618	-0.301220	-1.307251	0.067893	-1.578195	-2.019976	0.405628	0.575059	-0.446221	-0.151754	-0.016004	0.444177
39.174529	-1.497526	-0.268895	-1.331587	0.057770	-1.579087	-1.989957	0.430130	0.530800	-0.390292	-0.172220	-0.014016	0.474651
39.222632	-1.467752	-0.237088	-1.353187	0.045514	-1.579998	-1.957047	0.456527	0.479971	-0.344714	-0.180896	-0.013886	0.492883
39.269810	-1.445867	-0.216160	-1.366064	0.035808	-1.580425	-1.933069	0.479213	0.455715	-0.293713	-0.192058	-0.011693	0.537192
39.318238	-1.423396	-0.196402	-1.377081	0.025550	-1.580958	-1.908304	0.485776	0.436044	-0.245660	-0.213175	-0.009699	0.549723
39.366314	-1.400217	-0.177833	-1.386183	0.014632	-1.581404	-1.882871	0.510257	0.413178	-0.206888	-0.222897	-0.007619	0.567550
39.414571	-1.384267	-0.166094	-1.391383	0.006943	-1.581598	-1.865485	0.531672	0.390577	-0.154096	-0.233791	-0.007769	0.579770
39.464006	-1.368092	-0.155058	-1.395545	-0.000970	-1.581802	-1.847799	0.547345	0.343926	-0.107840	-0.248639	-0.006015	0.591899
39.513537	-1.334412	-0.134417	-1.401785	-0.017638	-1.582267	-1.811225	0.561282	0.297583	-0.067559	-0.270287	-0.005220	0.597537
39.562504	-1.308246	-0.120519	-1.404354	-0.030660	-1.582480	-1.782825	0.573060	0.274991	-0.024792	-0.282207	-0.003652	0.630234
39.610191	-1.281645	-0.108089	-1.405132	-0.043924	-1.582568	-1.754066	0.591183	0.251009	0.014661	-0.319282	-0.002349	0.661212
39.657738	-1.245172	-0.093893	-1.403999	-0.062114	-1.582606	-1.714621	0.606843	0.219486	0.049444	-0.318154	0.000000	0.667899
39.706383	-1.206552	-0.081874	-1.398674	-0.081245	-1.582538	-1.673034	0.621309	0.193014	0.092772	-0.326451	0.002835	0.666272
39.755603	-1.177680	-0.074950	-1.392845	-0.095479	-1.582345	-1.641909	0.626402	0.168640	0.127968	-0.329312	0.004509	0.668120
39.805289	-1.138121	-0.068039	-1.382705	-0.114784	-1.581908	-1.599497	0.645000	0.120334	0.177863	-0.319978	0.006462	0.671883
39.855893	-1.107601	-0.064735	-1.373063	-0.129552	-1.581608	-1.566763	0.654347	0.082947	0.215065	-0.319787	0.008686	0.676932
39.906977	-1.076608	-0.063037	-1.361498	-0.144455	-1.581162	-1.533601	0.660118	0.046785	0.254148	-0.330940	0.009322	0.681799
39.959464	-1.044881	-0.062813	-1.348160	-0.159630	-1.580512	-1.499616	0.662133	0.005603	0.285760	-0.315774	0.012070	0.636436
40.011608	-1.013061	-0.063753	-1.333043	-0.174669	-1.579988	-1.465650	0.663392	-0.040064	0.337796	-0.309748	0.014876	0.626752
40.060591	-0.970043	-0.068648	-1.310125	-0.195099	-1.578970	-1.419699	0.676935	-0.086177	0.412917	-0.345438	0.016408	0.639505
40.106172	-0.937744	-0.074347	-1.290828	-0.210448	-1.578010	-1.385200	0.679161	-0.128516	0.473540	-0.387212	0.019902	0.646912
40.149127	-0.903553	-0.081800	-1.268401	-0.226873	-1.577118	-1.348616	0.677009	-0.159163	0.512502	-0.390328	0.023476	0.656052
40.188662	-0.871403	-0.090658	-1.245558	-0.242397	-1.576139	-1.314310	0.669641	-0.183104	0.530572	-0.403670	0.030413	0.732508
40.226090	-0.828590	-0.104855	-1.211995	-0.263467	-1.574617	-1.268573	0.661901	-0.195178	0.525785	-0.371926	0.032066	0.771859
40.262715	-0.786953	-0.121384	-1.175901	-0.284460	-1.572959	-1.224329	0.647716	-0.197075	0.479874	-0.332108	0.030298	0.793344
40.300840	-0.762760	-0.132476	-1.153076	-0.297123	-1.572086	-1.198556	0.639973	-0.175781	0.411381	-0.271712	0.023681	0.777517
40.340422	-0.747799	-0.139941	-1.138233	-0.305181	-1.571388	-1.182519	0.633823	-0.146896	0.337915	-0.212030	0.016440	0.744271
40.380725	-0.742200	-0.142666	-1.132423	-0.308206	-1.571204	-1.176333	0.626752	-0.103656	0.250040	-0.161219	0.008340	0.747265
40.422678	-0.741466	-0.143170	-1.131751	-0.308749	-1.571155	-1.175440	0.619944	-0.057871	0.160584	-0.106887	0.001952	0.748035
40.467493	-0.741012	-0.143151	-1.131689	-0.308720	-1.571136	-1.174956	0.616061	-0.002398	0.069989	-0.044036	0.000817	0.697965
40.514274	-0.735997	-0.142367	-1.132722	-0.308535	-1.571145	-1.169758	0.607245	0.050605	-0.027825	-0.003609	-0.000139	0.694261
40.563604	-0.720762	-0.138305	-1.136666	-0.308118	-1.571155	-1.154400	0.596660	0.094858	-0.105152	0.007377	-0.000480	0.671451
40.613308	-0.678895	-0.127754	-1.147571	-0.306936	-1.571194	-1.112783	0.595513	0.127766	-0.137724	0.016410	-0.000823	0.674587
40.665628	-0.636748	-0.117365	-1.158464	-0.305850	-1.571242	-1.070721	0.594821	0.150972	-0.164695	0.018249	-0.001112	0.637932
40.721270	-0.591142	-0.106037	-1.170159	-0.304618	-1.571320	-1.025100	0.593114	0.160652	-0.174500	0.020440	-0.001317	0.599068
40.780878	-0.547614	-0.095343	-1.181289	-0.303474	-1.571407	-0.981282	0.597949	0.167506	-0.181993	0.020611	-0.001302	0.550486
40.844231	-0.489423	-0.081003	-1.196194	-0.301777	-1.571494	-0.922988	0.601963	0.171825	-0.183187	0.020239	-0.001292	0.522066
40.911793	-0.445291	-0.070086	-1.207491	-0.300633	-1.571562	-0.878773	0.607358	0.170678	-0.174570	0.019029	-0.001180	0.514843
40.983628	-0.387094	-0.055777	-1.222322	-0.299014	-1.571669	-0.820402	0.613021	0.161892	-0.166366	0.017913	-0.001260	0.513623
41.059128	-0.342962	-0.044841	-1.233632	-0.297811	-1.571747	-0.776167	0.617936	0.155858	-0.158880	0.017175	-0.001056	0.524761
41.134941	-0.295938	-0.033320	-1.245669	-0.296512	-1.571834	-0.729005	0.621705	0.155939	-0.159716	0.017886	-0.000938	0.562882
41.211368	-0.252771	-0.022626	-1.256737	-0.295387	-1.571882	-0.685779	0.623954	0.156794	-0.167841	0.017323	-0.000979	0.592114
41.287613	-0.207563	-0.011459	-1.268314	-0.294166	-1.571950	-0.640565	0.628867	0.152021	-0.163349	0.016872	-0.000814	0.605579
