0	-3.089232776	-0.087266463	0.7696902	1.506219144	-1.6109389	-2.504547477	0	0	0	0	0	0	0	0	0	0	0	0
0.05	-3.089232776	-0.087266463	0.7696902	1.506219144	-1.6109389	-2.504547477	0	0	0	0	0	0	-0.891763889	0.162138889	0	-6.859722223	1.247222222	0
0.1	-3.089232776	-0.087266463	0.7696902	1.506219144	-1.6109389	-2.504547477	0	0	0	0	0	0	-1.783527778	0.324277778	0	-13.71944445	2.494444445	0
0.15	-3.089232776	-0.087266463	0.7696902	1.506219144	-1.6109389	-2.504547477	0	0	0	0	0	0	-2.675291667	0.486416667	0	-20.57916667	3.741666667	0
0.2	-3.089232776	-0.087266463	0.7696902	1.506219144	-1.6109389	-2.504547477	0	0	0	0	0	0	-4.334097222	1.359472222	0	-25.56805556	8.730555555	0
0.25	-3.089232776	-0.087266463	0.7696902	1.506219144	-1.6109389	-2.504547477	0	0	0	0	0	0	-5.992902778	2.232527778	0	-30.55694444	13.71944444	0
0.3	-3.089232776	-0.087266463	0.7696902	1.506219144	-1.6109389	-2.504547477	0	0	0	0	0	0	-7.651708333	3.105583333	0	-35.54583333	18.70833333	0
0.35	-3.089232776	-0.087266463	0.7696902	1.506219144	-1.6109389	-2.504547477	0	0	0	0	0	0	-9.192027779	3.916277777	0	-35.54583333	18.70833333	0
0.4	-3.089232776	-0.087266463	0.7696902	1.506219144	-1.6109389	-2.504547477	0	0	0	0	0	0	-10.73234722	4.726972222	0	-35.54583333	18.70833333	0
0.45	-3.089232776	-0.087266463	0.7696902	1.506219144	-1.6109389	-2.504547477	0	0	0	0	0	0	-12.27266667	5.537666666	0	-35.54583333	18.70833333	0
0.5	-3.089232776	-0.087266463	0.7696902	1.506219144	-1.6109389	-2.504547477	0	0	0	0	0	0	-13.81298611	5.456597222	0	-35.54583333	11.84861111	0
0.55	-3.089232776	-0.087266463	0.7696902	1.506219144	-1.6109389	-2.504547477	0	0	0	0	0	0	-15.35330556	5.375527777	0	-35.54583333	4.988888888	0
0.6	-3.089232776	-0.087266463	0.7696902	1.506219144	-1.6109389	-2.504547477	0	0	0	0	0	0	-16.893625	5.294458333	0	-35.54583333	-1.870833333	0
0.65	-3.089232776	-0.087266463	0.7696902	1.506219144	-1.6109389	-2.504547477	0	0	0	0	0	0	-18.98895833	5.294458333	0	-38.66388889	-1.247222222	0
0.7	-3.089232776	-0.087266463	0.7696902	1.506219144	-1.6109389	-2.504547477	0	0	0	0	0	0	-21.08429167	5.294458333	0	-41.78194444	-0.623611111	0
0.75	-3.089232776	-0.087266463	0.7696902	1.506219144	-1.6109389	-2.504547477	0	0	0	0	0	0	-23.179625	5.294458333	0	-44.9	0	0
0.8	-3.089232776	-0.087266463	0.7696902	1.506219144	-1.6109389	-2.504547477	0	0	0	0	0	0	-23.99031944	5.456597222	0	-36.16944444	1.247222222	0
0.85	-3.089232776	-0.087266463	0.7696902	1.506219144	-1.6109389	-2.504547477	0	0	0	0	0	0	-24.80101389	5.61873611	0	-27.43888889	2.494444445	0
0.9	-3.089232776	-0.087266463	0.7696902	1.506219144	-1.6109389	-2.504547477	0	0	0	0	0	0	-25.61170833	5.780874999	0	-18.70833333	3.741666667	0
0.95	-3.089232776	-0.087266463	0.7696902	1.506219144	-1.6109389	-2.504547477	0	0	0	0	0	0	-27.61973611	6.130097221	0	-26.81527778	4.988888889	0
1	-3.089232776	-0.087266463	0.7696902	1.506219144	-1.6109389	-2.504547477	0	0	0	0	0	0	-29.62776389	6.479319444	0	-34.92222222	6.236111111	0
1.05	-3.089232776	-0.087266463	0.7696902	1.506219144	-1.6109389	-2.504547477	0	0	0	0	0	0	-31.63579167	6.828541666	0	-43.02916667	7.483333333	0
1.1	-3.089232776	-0.087266463	0.7696902	1.506219144	-1.6109389	-2.504547477	0	0	0	0	0	0	-34.31108334	7.477097222	0	-49.26527778	9.977777779	0
1.15	-3.089232776	-0.087266463	0.7696902	1.506219144	-1.6109389	-2.504547477	0	0	0	0	0	0	-36.986375	8.125652777	0	-55.50138889	12.47222222	0
1.2	-3.089232776	-0.087266463	0.7696902	1.506219144	-1.6109389	-2.504547477	0	0	0	0	0	0	-39.66166667	8.774208333	0	-61.7375	14.96666667	0
1.25	-3.089232776	-0.087266463	0.7696902	1.506219144	-1.6109389	-2.504547477	0	0	0	0	0	0	-42.58016667	9.503833332	0	-63.60833333	15.59027778	0
1.3	-3.089232776	-0.087266463	0.7696902	1.506219144	-1.6109389	-2.504547477	0	0	0	0	0	0	-45.49866667	10.23345833	0	-65.47916667	16.21388889	0
1.35	-3.089232776	-0.087266463	0.7696902	1.506219144	-1.6109389	-2.504547477	0	0	0	0	0	0	-48.41716667	10.96308333	0	-67.35	16.8375	0
1.4	-3.089232776	-0.087266463	0.7696902	1.506219144	-1.6109389	-2.504547477	0	0	0	0	0	0	-51.56016667	11.74883333	0	-67.35	16.8375	0
1.45	-3.089232776	-0.087266463	0.7696902	1.506219144	-1.6109389	-2.504547477	0	0	0	0	0	0	-54.70316667	12.53458333	0	-67.35	16.8375	0
1.5	-3.089232776	-0.087266463	0.7696902	1.506219144	-1.6109389	-2.504547477	0	0	0	0	0	0	-57.84616667	13.32033333	0	-67.35	16.8375	0
1.55	-3.089232776	-0.087266463	0.7696902	1.506219144	-1.6109389	-2.504547477	0	0	0	0	0	0	-60.35931945	14.29316666	0	-64.23194444	18.70833333	0
1.6	-3.089232776	-0.087266463	0.7696902	1.506219144	-1.6109389	-2.504547477	0	0	0	0	0	0	-62.87247222	15.266	0	-61.11388889	20.57916667	0
1.65	-3.089232776	-0.087266463	0.7696902	1.506219144	-1.6109389	-2.504547477	0	0	0	0	0	0	-65.385625	16.23883333	0	-57.99583333	22.45	0
1.7	-3.089232776	-0.087266463	0.7696902	1.506219144	-1.6109389	-2.504547477	0	0	0	0	0	0	-68.304125	17.21166666	0	-61.11388889	22.45	0
1.75	-3.089232776	-0.087266463	0.7696902	1.506219144	-1.6109389	-2.504547477	0	0	0	0	0	0	-71.222625	18.1845	0	-64.23194444	22.45	0
1.8	-3.089232776	-0.087266463	0.7696902	1.506219144	-1.6109389	-2.504547477	0	0	0	0	0	0	-74.141125	19.15733333	0	-67.35	22.45	0
1.85	-3.089232776	-0.087266463	0.7696902	1.506219144	-1.6109389	-2.504547477	0	0	0	0	0	0	-77.98256944	20.205	0	-72.33888889	22.45	0
1.9	-3.089232776	-0.087266463	0.7696902	1.506219144	-1.6109389	-2.504547477	0	0	0	0	0	0	-81.82401389	21.25266666	0	-77.32777778	22.45	0
1.95	-3.089232776	-0.087266463	0.7696902	1.506219144	-1.6109389	-2.504547477	0	0	0	0	0	0	-85.66545833	22.30033333	0	-82.31666667	22.45	0
2	-3.089232776	-0.087266463	0.7696902	1.506219144	-1.6109389	-2.504547477	0	0	0	0	0	0	-89.23251389	23.27316666	0	-82.31666667	22.45	0
2.05	-3.089232776	-0.087266463	0.7696902	1.506219144	-1.6109389	-2.504547477	0	0	0	0	0	0	-92.79956944	24.246	0	-82.31666667	22.45	0
2.1	-3.089232776	-0.087266463	0.7696902	1.506219144	-1.6109389	-2.504547477	0	0	0	0	0	0	-96.366625	25.21883333	0	-82.31666667	22.45	0
2.15	-3.089232776	-0.087266463	0.7696902	1.506219144	-1.6109389	-2.504547477	0	0	0	0	0	0	-101.9604167	26.434875	-0.001414929	-97.90694445	24.32083333	-0.010884067
2.2	-3.089232776	-0.087266463	0.7696902	1.506219144	-1.6109389	-2.504547477	0	0	0	0	0	0	-107.5542083	27.65091666	-0.002829857	-113.4972222	26.19166667	-0.021768134
2.25	-3.089232776	-0.087266463	0.7696902	1.506219144	-1.6109389	-2.504547477	0	0	0	0	0	0	-113.148	28.86695833	-0.004244786	-129.0875	28.0625	-0.032652201
2.3	-3.089232776	-0.087266463	0.7696902	1.506219144	-1.6109389	-2.504547477	0	0	0	0	0	0	-119.7832222	30.26384722	-0.005768555	-133.4527778	28.68611111	-0.032652201
2.35	-3.089232776	-0.087266463	0.7696902	1.506219144	-1.6109389	-2.504547477	0	0	0	0	0	0	-126.4184445	31.66073611	-0.007292325	-137.8180555	29.30972222	-0.032652201
2.4	-3.089232776	-0.087266463	0.7696902	1.506219144	-1.6109389	-2.504547477	0	0	0	0	0	0	-133.0536667	33.057625	-0.008816094	-142.1833333	29.93333333	-0.032652201
2.45	-3.089232776	-0.087266463	0.7696902	1.506219144	-1.6109389	-2.504547477	0	0	0	0	0	0	-139.7824306	34.35473611	-0.010231023	-146.5486111	29.93333333	-0.032652201
2.5	-3.089232776	-0.087266463	0.7696902	1.506219144	-1.6109389	-2.504547477	0	0	0	0	0	0	-146.5111944	35.65184722	-0.011645952	-150.9138889	29.93333333	-0.032652201
2.55	-3.089232776	-0.087266463	0.7696902	1.506219144	-1.6109389	-2.504547477	0	0	0	0	0	0	-153.2399583	36.94895833	-0.013060881	-155.2791667	29.93333333	-0.032652201
2.6	-3.089232776	-0.087266463	0.7696902	1.506219144	-1.6109389	-2.504547477	0	0	0	0	0	0	-160.4863194	38.34584722	-0.01458465	-155.2791667	29.93333333	-0.032652201
2.65	-3.089232776	-0.087266463	0.7696902	1.506219144	-1.6109389	-2.504547477	0	0	0	0	0	0	-167.7326806	39.74273611	-0.01610842	-155.2791667	29.93333333	-0.032652201
2.7	-3.089232776	-0.087266463	0.7696902	1.506219144	-1.6109389	-2.504547477	0	0	0	0	0	0	-174.9790417	41.139625	-0.017632189	-155.2791667	29.93333333	-0.032652201
2.75	-3.089232776	-0.087266463	0.7696902	1.506219144	-1.6109389	-2.504547477	0	0	0	0	0	0	-181.3024584	42.11245833	-0.017632189	-152.1611111	27.43888889	-0.021768134
2.8	-3.089232776	-0.087266463	0.7696902	1.506219144	-1.6109389	-2.504547477	0	0	0	0	0	0	-187.625875	43.08529167	-0.017632189	-149.0430556	24.94444444	-0.010884067
2.85	-3.089232776	-0.087266463	0.7696902	1.506219144	-1.6109389	-2.504547477	0	0	0	0	0	0	-193.9492917	44.058125	-0.017632189	-145.925	22.45	0
2.9	-3.089232776	-0.087266463	0.7696902	1.506219144	-1.6109389	-2.504547477	0	0	0	0	0	0	-200.3537778	44.94988889	-0.017632189	-146.5486111	21.82638889	0
2.95	-3.089232776	-0.087266463	0.7696902	1.506219144	-1.6109389	-2.504547477	0	0	0	0	0	0	-206.7582639	45.84165278	-0.017632189	-147.1722222	21.20277778	0
3	-3.089232776	-0.087266463	0.7696902	1.506219144	-1.6109389	-2.504547477	0	0	0	0	0	0	-213.16275	46.73341667	-0.017632189	-147.7958333	20.57916667	0
3.05	-3.089232776	-0.087266463	0.7696902	1.506219144	-1.6109389	-2.504547477	0	0	0	0	0	0	-220.0598889	47.86838889	-0.017632189	-147.7958333	21.82638889	0
3.1	-3.089232776	-0.087266463	0.7696902	1.506219144	-1.6109389	-2.504547477	0	0	0	0	0	0	-226.9570278	49.00336111	-0.017632189	-147.7958333	23.07361111	0
3.15	-3.089232776	-0.087266463	0.7696902	1.506219144	-1.6109389	-2.504547477	0	0	0	0	0	0	-233.8541667	50.13833333	-0.017632189	-147.7958333	24.32083333	0
3.2	-3.089232776	-0.087266463	0.7696902	1.506219144	-1.6109389	-2.504547477	0	0	0	0	0	0	-240.2586528	51.19223611	-0.017632189	-147.7958333	24.32083333	0
3.25	-3.089232776	-0.087266463	0.7696902	1.506219144	-1.6109389	-2.504547477	0	0	0	0	0	0	-246.6631389	52.24613888	-0.017632189	-147.7958333	24.32083333	0
3.3	-3.089232776	-0.087266463	0.7696902	1.506219144	-1.6109389	-2.504547477	0	0	0	0	0	0	-253.067625	53.30004166	-0.017632189	-147.7958333	24.32083333	0
3.35	-3.089232776	-0.087266463	0.7696902	1.506219144	-1.6109389	-2.504547477	0	0	0	0	0	0	-257.2021667	54.02966666	-0.017632189	-130.3347222	21.82638889	0
3.4	-3.089232776	-0.087266463	0.7696902	1.506219144	-1.6109389	-2.504547477	0	0	0	0	0	0	-261.3367083	54.75929166	-0.017632189	-112.8736111	19.33194444	0
3.45	-3.089232776	-0.087266463	0.7696902	1.506219144	-1.6109389	-2.504547477	0	0	0	0	0	0	-265.47125	55.48891666	-0.017632189	-95.4125	16.8375	0
3.5	-3.089232776	-0.087266463	0.7696902	1.506219144	-1.6109389	-2.504547477	0	0	0	0	0	0	-270.6222778	57.49694444	-0.019155958	-100.4013889	25.56805556	-0.010884067
3.55	-3.089232776	-0.087266463	0.7696902	1.506219144	-1.6109389	-2.504547477	0	0	0	0	0	0	-275.7733055	59.50497222	-0.020679728	-105.3902778	34.29861111	-0.021768134
3.6	-3.089232776	-0.087266463	0.7696902	1.506219144	-1.6109389	-2.504547477	0	0	0	0	0	0	-280.9243333	61.513	-0.022203497	-110.3791667	43.02916667	-0.032652201
3.65	-3.089232776	-0.087266463	0.7696902	1.506219144	-1.6109389	-2.504547477	0	0	0	0	0	0	-283.8428333	62.97225	-0.023618426	-96.03611113	39.91111111	-0.032652201
3.7	-3.089232776	-0.087266463	0.7696902	1.506219144	-1.6109389	-2.504547477	0	0	0	0	0	0	-286.7613333	64.4315	-0.025033354	-81.69305557	36.79305556	-0.032652201
3.75	-3.089232776	-0.087266463	0.7696902	1.506219144	-1.6109389	-2.504547477	0	0	0	0	0	0	-289.6798333	65.89075	-0.026448283	-67.35	33.675	-0.032652201
3.8	-3.089232776	-0.087266463	0.7696902	1.506219144	-1.6109389	-2.504547477	0	0	0	0	0	0	-294.9493472	67.35	-0.029278141	-85.43472223	33.675	-0.043536268
3.85	-3.089232776	-0.087266463	0.7696902	1.506219144	-1.6109389	-2.504547477	0	0	0	0	0	0	-300.2188611	68.80925	-0.032107998	-103.5194445	33.675	-0.054420336
3.9	-3.089232776	-0.087266463	0.7696902	1.506219144	-1.6109389	-2.504547477	0	0	0	0	0	0	-305.488375	70.2685	-0.034937856	-121.6041667	33.675	-0.065304403
3.95	-3.089232776	-0.087266463	0.7696902	1.506219144	-1.6109389	-2.504547477	0	0	0	0	0	0	-313.7824028	72.01461111	-0.037985395	-140.3125	34.92222222	-0.065304403
4	-3.089232776	-0.087266463	0.7696902	1.506219144	-1.6109389	-2.504547477	0	0	0	0	0	0	-322.0764305	73.76072222	-0.041032933	-159.0208334	36.16944445	-0.065304403
4.05	-3.089232776	-0.087266463	0.7696902	1.506219144	-1.6109389	-2.504547477	0	0	0	0	0	0	-330.3704583	75.50683333	-0.044080472	-177.7291667	37.41666667	-0.065304403
4.1	-3.089232776	-0.087266463	0.7696902	1.506219144	-1.6109389	-2.504547477	0	0	0	0	0	0	-337.4235	76.07431944	-0.045495401	-172.7402778	29.30972222	-0.054420336
4.15	-3.089232776	-0.087266463	0.7696902	1.506219144	-1.6109389	-2.504547477	0	0	0	0	0	0	-344.4765416	76.64180555	-0.046910329	-167.7513889	21.20277778	-0.043536268
4.2	-3.089232776	-0.087266463	0.7696902	1.506219144	-1.6109389	-2.504547477	0	0	0	0	0	0	-351.5295833	77.20929166	-0.048325258	-162.7625	13.09583333	-0.032652201
4.25	-3.089232776	-0.087266463	0.7696902	1.506219144	-1.6109389	-2.504547477	0	0	0	0	0	0	-359.1251666	77.82043055	-0.049849027	-162.7625	13.09583333	-0.032652201
4.3	-3.089232776	-0.087266463	0.7696902	1.506219144	-1.6109389	-2.504547477	0	0	0	0	0	0	-366.72075	78.43156944	-0.051372797	-162.7625	13.09583333	-0.032652201
4.35	-3.089232776	-0.087266463	0.7696902	1.506219144	-1.6109389	-2.504547477	0	0	0	0	0	0	-374.3163333	79.04270833	-0.052896566	-162.7625	13.09583333	-0.032652201
4.4	-3.089232776	-0.087266463	0.7696902	1.506219144	-1.6109389	-2.504547477	0	0	0	0	0	0	-381.369375	80.01554166	-0.052896566	-162.7625	16.21388889	-0.021768134
4.45	-3.089232776	-0.087266463	0.7696902	1.506219144	-1.6109389	-2.504547477	0	0	0	0	0	0	-388.4224166	80.988375	-0.052896566	-162.7625	19.33194444	-0.010884067
4.5	-3.089232776	-0.087266463	0.7696902	1.506219144	-1.6109389	-2.504547477	0	0	0	0	0	0	-395.4754583	81.96120833	-0.052896566	-162.7625	22.45	0
4.55	-3.089232776	-0.087266463	0.7696902	1.506219144	-1.6109389	-2.504547477	0	0	0	0	0	0	-402.3663611	83.58259722	-0.052896566	-161.5152778	27.43888889	0
4.6	-3.089232776	-0.087266463	0.7696902	1.506219144	-1.6109389	-2.504547477	0	0	0	0	0	0	-409.2572639	85.20398611	-0.052896566	-160.2680555	32.42777778	0
4.65	-3.089232776	-0.087266463	0.7696902	1.506219144	-1.6109389	-2.504547477	0	0	0	0	0	0	-416.1481667	86.825375	-0.052896566	-159.0208333	37.41666667	0
4.7	-3.089232776	-0.087266463	0.7696902	1.506219144	-1.6109389	-2.504547477	0	0	0	0	0	0	-421.1245834	88.13495833	-0.052896566	-141.5597222	34.29861111	0
4.75	-3.089232776	-0.087266463	0.7696902	1.506219144	-1.6109389	-2.504547477	0	0	0	0	0	0	-426.101	89.44454167	-0.052896566	-124.0986111	31.18055556	0
4.8	-3.089232776	-0.087266463	0.7696902	1.506219144	-1.6109389	-2.504547477	0	0	0	0	0	0	-431.0774167	90.754125	-0.052896566	-106.6375	28.0625	0
4.85	-3.089232776	-0.087266463	0.7696902	1.506219144	-1.6109389	-2.504547477	0	0	0	0	0	0	-437.0765556	92.29444444	-0.054311495	-117.2388889	30.55694444	-0.010884067
4.9	-3.089232776	-0.087266463	0.7696902	1.506219144	-1.6109389	-2.504547477	0	0	0	0	0	0	-443.0756944	93.83476389	-0.055726423	-127.8402778	33.05138889	-0.021768134
4.95	-3.089232776	-0.087266463	0.7696902	1.506219144	-1.6109389	-2.504547477	0	0	0	0	0	0	-449.0748333	95.37508333	-0.057141352	-138.4416667	35.54583333	-0.032652201
5	-3.089232776	-0.087266463	0.7696902	1.506219144	-1.6109389	-2.504547477	0	0	0	0	0	0	-454.7496944	96.91540277	-0.05997121	-135.9472222	35.54583333	-0.043536268
5.05	-3.089232776	-0.087266463	0.7696902	1.506219144	-1.6109389	-2.504547477	0	0	0	0	0	0	-460.4245556	98.45572222	-0.062801067	-133.4527778	35.54583333	-0.054420336
5.1	-3.089232776	-0.087266463	0.7696902	1.506219144	-1.6109389	-2.504547477	0	0	0	0	0	0	-466.0994167	99.99604166	-0.065630925	-130.9583333	35.54583333	-0.065304403
5.15	-3.089232776	-0.087266463	0.7696902	1.506219144	-1.6109389	-2.504547477	0	0	0	0	0	0	-471.6869722	101.305625	-0.068678464	-127.2166666	33.05138889	-0.065304403
5.2	-3.089232776	-0.087266463	0.7696902	1.506219144	-1.6109389	-2.504547477	0	0	0	0	0	0	-477.2745278	102.6152084	-0.071726002	-123.475	30.55694444	-0.065304403
5.25	-3.089232776	-0.087266463	0.7696902	1.506219144	-1.6109389	-2.504547477	0	0	0	0	0	0	-482.8620833	103.9247917	-0.074773541	-119.7333333	28.0625	-0.065304403
5.3	-3.089232776	-0.087266463	0.7696902	1.506219144	-1.6109389	-2.504547477	0	0	0	0	0	0	-488.0505278	105.1408334	-0.077603399	-119.7333333	28.0625	-0.065304403
5.35	-3.089232776	-0.087266463	0.7696902	1.506219144	-1.6109389	-2.504547477	0	0	0	0	0	0	-493.2389722	106.356875	-0.080433256	-119.7333333	28.0625	-0.065304403
5.4	-3.089232776	-0.087266463	0.7696902	1.506219144	-1.6109389	-2.504547477	0	0	0	0	0	0	-498.4274167	107.5729167	-0.083263114	-119.7333333	28.0625	-0.065304403
5.45	-3.089232776	-0.087266463	0.7696902	1.506219144	-1.6109389	-2.504547477	0	0	0	0	0	0	-503.778	108.9510972	-0.086092971	-120.9805555	29.30972222	-0.065304403
5.5	-3.089232776	-0.087266463	0.7696902	1.506219144	-1.6109389	-2.504547477	0	0	0	0	0	0	-509.1285834	110.3292778	-0.088922829	-122.2277778	30.55694445	-0.065304403
5.55	-3.089232776	-0.087266463	0.7696902	1.506219144	-1.6109389	-2.504547477	0	0	0	0	0	0	-514.4791667	111.7074583	-0.091752686	-123.475	31.80416667	-0.065304403
5.6	-3.089232776	-0.087266463	0.7696902	1.506219144	-1.6109389	-2.504547477	0	0	0	0	0	0	-519.6301945	113.1043472	-0.093276455	-119.1097222	31.18055556	-0.054420336
5.65	-3.089232776	-0.087266463	0.7696902	1.506219144	-1.6109389	-2.504547477	0	0	0	0	0	0	-524.7812222	114.5012361	-0.094800225	-114.7444445	30.55694444	-0.043536268
5.7	-3.089232776	-0.087266463	0.7696902	1.506219144	-1.6109389	-2.504547477	0	0	0	0	0	0	-529.93225	115.898125	-0.096323994	-110.3791667	29.93333333	-0.032652201
5.75	-3.089232776	-0.087266463	0.7696902	1.506219144	-1.6109389	-2.504547477	0	0	0	0	0	0	-534.9585556	117.1141667	-0.099153852	-112.25	29.30972222	-0.043536268
5.8	-3.089232776	-0.087266463	0.7696902	1.506219144	-1.6109389	-2.504547477	0	0	0	0	0	0	-539.9848611	118.3302083	-0.101983709	-114.1208334	28.68611111	-0.054420336
5.85	-3.089232776	-0.087266463	0.7696902	1.506219144	-1.6109389	-2.504547477	0	0	0	0	0	0	-545.0111667	119.54625	-0.104813567	-115.9916667	28.0625	-0.065304403
5.9	-3.089232776	-0.087266463	0.7696902	1.506219144	-1.6109389	-2.504547477	0	0	0	0	0	0	-550.4241111	120.8558333	-0.107861106	-115.9916667	28.0625	-0.065304403
5.95	-3.089232776	-0.087266463	0.7696902	1.506219144	-1.6109389	-2.504547477	0	0	0	0	0	0	-555.8370556	122.1654167	-0.110908644	-115.9916667	28.0625	-0.065304403
6	-3.089232776	-0.087266463	0.7696902	1.506219144	-1.6109389	-2.504547477	0	0	0	0	0	0	-561.25	123.475	-0.113956183	-115.9916667	28.0625	-0.065304403
6.05	-3.089232776	-0.087266463	0.7696902	1.506219144	-1.6109389	-2.504547477	0	0	0	0	0	0	-564.7359861	124.204625	-0.115371112	-104.1430556	24.32083333	-0.054420336
6.1	-3.089232776	-0.087266463	0.7696902	1.506219144	-1.6109389	-2.504547477	0	0	0	0	0	0	-568.2219722	124.93425	-0.11678604	-92.29444445	20.57916667	-0.043536268
6.15	-3.089232776	-0.087266463	0.7696902	1.506219144	-1.6109389	-2.504547477	0	0	0	0	0	0	-571.7079583	125.663875	-0.118200969	-80.44583333	16.8375	-0.032652201
6.2	-3.089232776	-0.087266463	0.7696902	1.506219144	-1.6109389	-2.504547477	0	0	0	0	0	0	-575.4371528	126.5556389	-0.121030827	-82.31666666	18.08472222	-0.043536268
6.25	-3.089232776	-0.087266463	0.7696902	1.506219144	-1.6109389	-2.504547477	0	0	0	0	0	0	-579.1663472	127.4474028	-0.123860684	-84.1875	19.33194445	-0.054420336
6.3	-3.089232776	-0.087266463	0.7696902	1.506219144	-1.6109389	-2.504547477	0	0	0	0	0	0	-582.8955417	128.3391667	-0.126690542	-86.05833333	20.57916667	-0.065304403
6.35	-3.089232776	-0.087266463	0.7696902	1.506219144	-1.6109389	-2.504547477	0	0	0	0	0	0	-587.7846528	129.64875	-0.129738081	-92.29444445	23.07361111	-0.065304403
6.4	-3.089232776	-0.087266463	0.7696902	1.506219144	-1.6109389	-2.504547477	0	0	0	0	0	0	-592.6737639	130.9583334	-0.132785619	-98.53055558	25.56805556	-0.065304403
6.45	-3.089232776	-0.087266463	0.7696902	1.506219144	-1.6109389	-2.504547477	0	0	0	0	0	0	-597.562875	132.2679167	-0.135833158	-104.7666667	28.0625	-0.065304403
6.5	-3.089232776	-0.087266463	0.7696902	1.506219144	-1.6109389	-2.504547477	0	0	0	0	0	0	-602.1027639	133.4839584	-0.138663015	-104.7666667	28.0625	-0.065304403
6.55	-3.089232776	-0.087266463	0.7696902	1.506219144	-1.6109389	-2.504547477	0	0	0	0	0	0	-606.6426528	134.7	-0.141492873	-104.7666667	28.0625	-0.065304403
6.6	-3.089232776	-0.087266463	0.7696902	1.506219144	-1.6109389	-2.504547477	0	0	0	0	0	0	-611.1825417	135.9160417	-0.14432273	-104.7666667	28.0625	-0.065304403
6.65	-3.089232776	-0.087266463	0.7696902	1.506219144	-1.6109389	-2.504547477	0	0	0	0	0	0	-617.7491667	137.9427778	-0.148567516	-120.3569445	34.29861111	-0.07618847
6.7	-3.089232776	-0.087266463	0.7696902	1.506219144	-1.6109389	-2.504547477	0	0	0	0	0	0	-624.3157917	139.9695139	-0.152812303	-135.9472222	40.53472222	-0.087072537
6.75	-3.089232776	-0.087266463	0.7696902	1.506219144	-1.6109389	-2.504547477	0	0	0	0	0	0	-630.8824167	141.99625	-0.157057089	-151.5375	46.77083333	-0.097956604
6.8	-3.089232776	-0.087266463	0.7696902	1.506219144	-1.6109389	-2.504547477	0	0	0	0	0	0	-638.2160834	144.4408056	-0.161628397	-153.4083333	48.64166666	-0.097956604
6.85	-3.089232776	-0.087266463	0.7696902	1.506219144	-1.6109389	-2.504547477	0	0	0	0	0	0	-645.54975	146.8853611	-0.166199705	-155.2791667	50.5125	-0.097956604
6.9	-3.089232776	-0.087266463	0.7696902	1.506219144	-1.6109389	-2.504547477	0	0	0	0	0	0	-652.8834167	149.3299167	-0.170771013	-157.15	52.38333333	-0.097956604
6.95	-3.089232776	-0.087266463	0.7696902	1.506219144	-1.6109389	-2.504547477	0	0	0	0	0	0	-656.8558195	150.8702361	-0.173600871	-135.3236111	46.77083333	-0.087072537
7	-3.089232776	-0.087266463	0.7696902	1.506219144	-1.6109389	-2.504547477	0	0	0	0	0	0	-660.8282222	152.4105556	-0.176430728	-113.4972222	41.15833333	-0.07618847
7.05	-3.089232776	-0.087266463	0.7696902	1.506219144	-1.6109389	-2.504547477	0	0	0	0	0	0	-664.800625	153.950875	-0.179260586	-91.67083333	35.54583333	-0.065304403
7.1	-3.089232776	-0.087266463	0.7696902	1.506219144	-1.6109389	-2.504547477	0	0	0	0	0	0	-668.7730278	155.4911944	-0.182090443	-91.67083333	35.54583333	-0.065304403
7.15	-3.089232776	-0.087266463	0.7696902	1.506219144	-1.6109389	-2.504547477	0	0	0	0	0	0	-672.7454305	157.0315139	-0.184920301	-91.67083333	35.54583333	-0.065304403
7.2	-3.089232776	-0.087266463	0.7696902	1.506219144	-1.6109389	-2.504547477	0	0	0	0	0	0	-676.7178333	158.5718333	-0.187750158	-91.67083333	35.54583333	-0.065304403
7.25	-3.089232776	-0.087266463	0.7696902	1.506219144	-1.6109389	-2.504547477	0	0	0	0	0	0	-678.8131666	159.3575833	-0.189273927	-76.08055555	29.30972222	-0.054420336
7.3	-3.089232776	-0.087266463	0.7696902	1.506219144	-1.6109389	-2.504547477	0	0	0	0	0	0	-680.9085	160.1433333	-0.190797697	-60.49027778	23.07361111	-0.043536268
7.35	-3.089232776	-0.087266463	0.7696902	1.506219144	-1.6109389	-2.504547477	0	0	0	0	0	0	-683.0038333	160.9290833	-0.192321466	-44.9	16.8375	-0.032652201
7.4	-3.089232776	-0.087266463	0.7696902	1.506219144	-1.6109389	-2.504547477	0	0	0	0	0	0	-685.7601944	162.5504722	-0.195151324	-51.13611111	23.69722222	-0.043536268
7.45	-3.089232776	-0.087266463	0.7696902	1.506219144	-1.6109389	-2.504547477	0	0	0	0	0	0	-688.5165556	164.1718611	-0.197981181	-57.37222222	30.55694445	-0.054420336
7.5	-3.089232776	-0.087266463	0.7696902	1.506219144	-1.6109389	-2.504547477	0	0	0	0	0	0	-691.2729167	165.79325	-0.200811039	-63.60833333	37.41666667	-0.065304403
7.55	-3.089232776	-0.087266463	0.7696902	1.506219144	-1.6109389	-2.504547477	0	0	0	0	0	0	-694.2413056	167.5393611	-0.203858578	-63.60833333	37.41666667	-0.065304403
7.6	-3.089232776	-0.087266463	0.7696902	1.506219144	-1.6109389	-2.504547477	0	0	0	0	0	0	-697.2096944	169.2854722	-0.206906116	-63.60833333	37.41666667	-0.065304403
7.65	-3.089232776	-0.087266463	0.7696902	1.506219144	-1.6109389	-2.504547477	0	0	0	0	0	0	-700.1780833	171.0315833	-0.209953655	-63.60833333	37.41666667	-0.065304403
7.7	-3.089232776	-0.082030475	0.756891119	1.506219144	-1.610357123	-2.51211057	0	0.097738438	-0.235619449	-0.006399541	0.009308423	-0.13962634	-705.04225	173.7879444	-0.214198441	-79.82222222	46.14722222	-0.07618847
7.75	-3.089232776	-0.076794487	0.744092038	1.506219144	-1.609775347	-2.519673664	0	0.195476876	-0.471238898	-0.012799081	0.018616845	-0.27925268	-709.9064166	176.5443056	-0.218443228	-96.03611111	54.87777778	-0.087072537
7.8	-3.089232776	-0.071558499	0.731292957	1.506219144	-1.60919357	-2.527236757	0	0.293215314	-0.706858347	-0.019198622	0.027925268	-0.41887902	-714.7705833	179.3006667	-0.222688014	-112.25	63.60833333	-0.097956604
7.85	-3.089232776	-0.061086524	0.706276571	1.505637368	-1.608030017	-2.541781167	0	0.274016692	-0.655662022	-0.015707963	0.027925268	-0.386299541	-721.5804166	183.192	-0.2269328	-127.2166667	72.33888889	-0.097956604
7.9	-3.089232776	-0.050614548	0.681260185	1.505055591	-1.606866465	-2.556325578	0	0.254818071	-0.604465698	-0.012217305	0.027925268	-0.353720061	-728.39025	187.0833334	-0.231177586	-142.1833333	81.06944444	-0.097956604
7.95	-3.089232776	-0.040142573	0.656243799	1.504473815	-1.605702912	-2.570869988	0	0.235619449	-0.553269373	-0.008726646	0.027925268	-0.321140582	-735.2000833	190.9746667	-0.235422372	-157.15	89.8	-0.097956604
8	-3.089232776	-0.037233691	0.649844258	1.504473815	-1.605702912	-2.574942423	0	0.157079633	-0.368846249	-0.005817764	0.018616845	-0.214093721	-741.4860833	194.1176667	-0.238469911	-149.6666667	82.31666667	-0.087072537
8.05	-3.089232776	-0.034324809	0.643444718	1.504473815	-1.605702912	-2.579014858	0	0.078539816	-0.184423124	-0.002908882	0.009308423	-0.107046861	-747.7720833	197.2606667	-0.24151745	-142.1833333	74.83333333	-0.07618847
8.1	-3.089232776	-0.031415927	0.637045177	1.504473815	-1.605702912	-2.583087293	0	0	0	0	0	0	-754.0580833	200.4036667	-0.244564989	-134.7	67.35	-0.065304403
8.15	-3.089232776	-0.033161256	0.641117612	1.504473815	-1.605702912	-2.580760187	0	-0.143698775	0.346738745	0.009308423	-0.015707963	0.196640429	-759.8950833	203.3221667	-0.247394846	-134.7	67.35	-0.065304403
8.2	-3.089232776	-0.034906585	0.645190047	1.504473815	-1.605702912	-2.578433082	0	-0.28739755	0.693477489	0.018616845	-0.031415927	0.393280858	-765.7320833	206.2406667	-0.250224704	-134.7	67.35	-0.065304403
8.25	-3.089232776	-0.036651914	0.649262482	1.504473815	-1.605702912	-2.576105976	0	-0.431096325	1.040216234	0.027925268	-0.04712389	0.589921287	-771.5690833	209.1591667	-0.253054561	-134.7	67.35	-0.065304403
8.3	-3.089232776	-0.062250076	0.710349006	1.505637368	-1.608030018	-2.540035838	0	-0.424115008	1.029162482	0.025598162	-0.043051455	0.592830169	-776.7575278	211.4291111	-0.255884418	-129.7111111	62.36111111	-0.065304403
8.35	-3.089232776	-0.087848239	0.771435529	1.506800921	-1.610357123	-2.5039657	0	-0.417133691	1.01810873	0.023271057	-0.03897902	0.595739051	-781.9459722	213.6990556	-0.258714276	-124.7222222	57.37222222	-0.065304403
8.4	-3.089232776	-0.113446401	0.832522053	1.507964474	-1.612684229	-2.467895562	0	-0.410152374	1.007054978	0.020943951	-0.034906585	0.598647933	-787.1344167	215.969	-0.261544133	-119.7333333	52.38333333	-0.065304403
8.45	-3.089232776	-0.137299234	0.893608577	1.509709803	-1.615011335	-2.431243648	0	-0.3799	0.951204442	0.02443461	-0.032579479	0.572467994	-792.0235278	217.8897222	-0.266115441	-114.7444444	48.64166666	-0.07618847
8.5	-3.089232776	-0.161152068	0.954695101	1.511455132	-1.61733844	-2.394591733	0	-0.349647627	0.895353906	0.027925268	-0.030252374	0.546288056	-796.9126389	219.8104445	-0.27068675	-109.7555556	44.9	-0.087072537
8.55	-3.089232776	-0.185004901	1.015781625	1.513200461	-1.619665546	-2.357939819	0	-0.319395253	0.83950337	0.031415927	-0.027925268	0.520108117	-801.80175	221.7311667	-0.275258058	-104.7666667	41.15833333	-0.097956604
8.6	-3.089232776	-0.195476876	1.04254334	1.514364014	-1.620247322	-2.341068303	0	-0.31008683	0.822050078	0.029088821	-0.028507044	0.510799694	-806.5037778	224.0011111	-0.279502844	-106.0138889	44.9	-0.097956604
8.65	-3.089232776	-0.205948852	1.069305055	1.515527567	-1.620829099	-2.324196787	0	-0.300778408	0.804596785	0.026761716	-0.029088821	0.501491272	-811.2058055	226.2710556	-0.283747631	-107.2611111	48.64166666	-0.097956604
8.7	-3.089232776	-0.216420827	1.09606677	1.51669112	-1.621410875	-2.307325271	0	-0.291469985	0.787143493	0.02443461	-0.029670597	0.492182849	-815.9078333	228.541	-0.287992417	-108.5083333	52.38333333	-0.097956604
8.75	-3.089232776	-0.23387412	1.144935989	1.517854673	-1.623156204	-2.275909345	0	-0.275762022	0.75514579	0.023271057	-0.026179939	0.481129097	-822.0691111	231.9459167	-0.293652132	-119.7333333	61.11388889	-0.108840671
8.8	-3.089232776	-0.251327412	1.193805208	1.519018225	-1.624901534	-2.244493418	0	-0.260054058	0.723148087	0.022107504	-0.02268928	0.470075345	-828.2303889	235.3508333	-0.299311846	-130.9583333	69.84444444	-0.119724739
8.85	-3.089232776	-0.268780705	1.242674427	1.520181778	-1.626646863	-2.213077492	0	-0.244346095	0.691150384	0.020943951	-0.019198622	0.459021593	-834.3916667	238.75575	-0.304971561	-142.1833333	78.575	-0.130608806
8.9	-3.089232776	-0.283325115	1.286889435	1.521927107	-1.628392192	-2.183406895	0	-0.229219908	0.673697091	0.025016386	-0.018616846	0.450294947	-840.8522778	242.5098889	-0.311066639	-140.9361111	79.19861111	-0.130608806
8.95	-3.089232776	-0.297869526	1.331104443	1.523672437	-1.630137522	-2.153736297	0	-0.214093722	0.656243799	0.029088821	-0.018035069	0.4415683	-847.3128889	246.2640278	-0.317161716	-139.6888889	79.82222222	-0.130608806
9	-3.089232776	-0.312413936	1.375319451	1.525417766	-1.631882851	-2.1240657	0	-0.198967535	0.638790506	0.033161256	-0.017453293	0.432841654	-853.7735	250.0181667	-0.323256794	-138.4416667	80.44583333	-0.130608806
9.05	-3.089232776	-0.318813477	1.396263402	1.526581319	-1.632464627	-2.109521289	0	-0.193731547	0.630645636	0.031997703	-0.018035069	0.431678101	-859.9347778	253.9905695	-0.328916509	-139.6888889	84.1875	-0.130608806
9.1	-3.089232776	-0.325213017	1.417207353	1.527744872	-1.633046404	-2.094976879	0	-0.188495559	0.622500767	0.03083415	-0.018616846	0.430514549	-866.0960555	257.9629722	-0.334576224	-140.9361111	87.92916666	-0.130608806
9.15	-3.089232776	-0.331612558	1.438151304	1.528908425	-1.63362818	-2.080432468	0	-0.183259571	0.614355897	0.029670597	-0.019198622	0.429350996	-872.2573333	261.935375	-0.340235939	-142.1833333	91.67083333	-0.130608806
9.2	-3.089232776	-0.34266631	1.477130324	1.530653754	-1.634209956	-2.0525072	0	-0.171042266	0.599811486	0.029670597	-0.017453293	0.424115008	-878.80525	265.864125	-0.346331017	-141.5597222	89.17638889	-0.130608806
9.25	-3.089232776	-0.353720062	1.516109344	1.532399084	-1.634791733	-2.024581932	0	-0.158824962	0.585267076	0.029670597	-0.015707963	0.418879021	-885.3531666	269.792875	-0.352426094	-140.9361111	86.68194444	-0.130608806
9.3	-3.089232776	-0.364773814	1.555088364	1.534144413	-1.635373509	-1.996656664	0	-0.146607657	0.570722665	0.029670597	-0.013962634	0.413643033	-891.9010833	273.721625	-0.358521172	-140.3125	84.1875	-0.130608806
9.35	-3.089232776	-0.369428025	1.573705209	1.535307966	-1.635955285	-1.98269403	0	-0.143116999	0.562577795	0.028507044	-0.013962634	0.413643033	-896.5220416	276.2347778	-0.362765958	-129.0875	75.45694444	-0.119724739
9.4	-3.089232776	-0.374082237	1.592322055	1.536471518	-1.636537062	-1.968731396	0	-0.13962634	0.554432926	0.027343492	-0.013962634	0.413643033	-901.143	278.7479305	-0.367010744	-117.8625	66.72638889	-0.108840671
9.45	-3.089232776	-0.378736448	1.6109389	1.537635071	-1.637118838	-1.954768762	0	-0.136135682	0.546288056	0.026179939	-0.013962634	0.413643033	-905.7639583	281.2610833	-0.37125553	-106.6375	57.99583333	-0.097956604
9.5	-3.089232776	-0.386881318	1.647009038	1.5393804	-1.638282391	-1.92742527	0	-0.126245483	0.53756141	0.027343492	-0.012799081	0.413061256	-911.1145416	283.8553055	-0.375500316	-112.25	58.61944444	-0.097956604
9.55	-3.089232776	-0.395026187	1.683079175	1.54112573	-1.639445944	-1.900081779	0	-0.116355283	0.528834763	0.028507044	-0.011635529	0.41247948	-916.465125	286.4495278	-0.379745103	-117.8625	59.24305556	-0.097956604
9.6	-3.089232776	-0.403171057	1.719149313	1.542871059	-1.640609497	-1.872738287	0	-0.106465084	0.520108117	0.029670597	-0.010471976	0.411897703	-921.8157083	289.04375	-0.383989889	-123.475	59.86666667	-0.097956604
9.65	-3.089232776	-0.408988821	1.752892345	1.544616388	-1.641191273	-1.844813019	0	-0.094829556	0.510799694	0.029088821	-0.010471976	0.413643032	-927.4032639	292.0121389	-0.388561197	-122.2277778	61.11388889	-0.097956604
9.7	-3.089232776	-0.414806586	1.786635378	1.546361718	-1.64177305	-1.816887751	0	-0.083194027	0.501491272	0.028507044	-0.010471976	0.415388362	-932.9908194	294.9805278	-0.393132505	-120.9805555	62.36111111	-0.097956604
9.75	-3.089232776	-0.42062435	1.82037841	1.548107047	-1.642354826	-1.788962483	0	-0.071558499	0.492182849	0.027925268	-0.010471976	0.417133691	-938.578375	297.9489167	-0.397703813	-119.7333333	63.60833333	-0.097956604
9.8	-3.089232776	-0.422951456	1.836086373	1.5492706	-1.642936602	-1.774418073	0	-0.066904288	0.489273967	0.029670597	-0.009890199	0.420042573	-941.9022222	299.8945834	-0.400533671	-105.3902778	57.37222222	-0.087072537
9.85	-3.089232776	-0.425278561	1.851794337	1.550434152	-1.643518379	-1.759873662	0	-0.062250076	0.486365085	0.031415927	-0.009308423	0.422951455	-945.2260695	301.84025	-0.403363528	-91.04722221	51.13611111	-0.07618847
9.9	-3.089232776	-0.427605667	1.8675023	1.551597705	-1.644100155	-1.745329252	0	-0.057595865	0.483456203	0.033161256	-0.008726646	0.425860337	-948.5499167	303.7859167	-0.406193386	-76.70416667	44.9	-0.065304403
9.95	-3.089232776	-0.429932773	1.898918226	1.553924811	-1.644100155	-1.716822208	0	-0.044796784	0.47589311	0.031997703	-0.00814487	0.430514549	-951.8737639	305.7315834	-0.409023243	-76.70416667	44.9	-0.065304403
10	-3.089232776	-0.432259878	1.930334153	1.556251916	-1.644100155	-1.688315163	0	-0.031997703	0.468330016	0.03083415	-0.007563093	0.43516876	-955.1976111	307.67725	-0.411853101	-76.70416667	44.9	-0.065304403
10.05	-3.089232776	-0.434586984	1.961750079	1.558579022	-1.644100155	-1.659808119	0	-0.019198622	0.460766923	0.029670597	-0.006981317	0.439822972	-958.5214583	309.6229167	-0.414682958	-76.70416667	44.9	-0.065304403
10.1	-3.089232776	-0.434586984	1.991420676	1.560324351	-1.644681932	-1.629555745	0	-0.006981317	0.453203829	0.031415926	-0.005817764	0.44505896	-962.1882916	312.1547778	-0.417730497	-77.32777778	48.01805556	-0.065304403
10.15	-3.089232776	-0.434586984	2.021091274	1.562069681	-1.645263708	-1.599303372	0	0.005235988	0.445640736	0.033161256	-0.004654212	0.450294947	-965.855125	314.6866389	-0.420778035	-77.95138889	51.13611111	-0.065304403
10.2	-3.089232776	-0.434586984	2.050761871	1.56381501	-1.645845485	-1.569050998	0	0.017453293	0.438077642	0.034906585	-0.003490659	0.455530935	-969.5219583	317.2185	-0.423825574	-78.575	54.25416667	-0.065304403
10.25	-3.089232776	-0.434005207	2.065306281	1.564978563	-1.645845485	-1.553924811	0	0.034324809	0.430514549	0.034906585	-0.002327106	0.463675805	-971.6297639	318.2724028	-0.425240503	-68.59722222	44.27638889	-0.054420336
10.3	-3.089232776	-0.433423431	2.079850692	1.566142115	-1.645845485	-1.538798624	0	0.051196325	0.422951455	0.034906585	-0.001163553	0.471820674	-973.7375694	319.3263055	-0.426655432	-58.61944445	34.29861111	-0.043536268
10.35	-3.089232776	-0.432841654	2.094395102	1.567305668	-1.645845485	-1.523672437	0	0.068067841	0.415388362	0.034906585	0	0.479965544	-975.845375	320.3802083	-0.428070361	-48.64166667	24.32083333	-0.032652201
10.4	-3.089232776	-0.428187443	2.121738594	1.57021455	-1.645845485	-1.491674734	0	0.071558499	0.39618974	0.034906585	0	0.463094028	-979.0881528	322.4069444	-0.430900218	-57.37222222	31.80416666	-0.043536268
10.45	-3.089232776	-0.423533231	2.149082085	1.573123433	-1.645845485	-1.459677031	0	0.075049158	0.376991119	0.034906585	0	0.446222512	-982.3309305	324.4336806	-0.433730076	-66.10277778	39.2875	-0.054420336
10.5	-3.089232776	-0.41887902	2.176425577	1.576032315	-1.645845485	-1.427679328	0	0.078539816	0.357792497	0.034906585	0	0.429350996	-985.5737083	326.4604167	-0.436559933	-74.83333333	46.77083333	-0.065304403
10.55	-3.089232776	-0.41887902	2.177007353	1.576032315	-1.645845485	-1.427679328	0	0.026761715	0.114028178	0.006399541	0	0.140789893	-990.8120415	329.5161111	-0.441131241	-87.30555555	53.00694444	-0.07618847
10.6	-3.089232776	-0.41887902	2.17758913	1.576032315	-1.645845485	-1.427679328	0	-0.025016386	-0.129736141	-0.022107504	0	-0.14777121	-996.0503748	332.5718056	-0.44570255	-99.77777778	59.24305556	-0.087072537
10.65	-3.089232776	-0.41887902	2.178170906	1.576032315	-1.645845485	-1.427679328	0	-0.076794487	-0.37350046	-0.050614548	0	-0.436332313	-1001.288708	335.6275	-0.450273858	-112.25	65.47916667	-0.097956604
10.7	-3.089232776	-0.422951455	2.150245638	1.573123433	-1.645845485	-1.459677031	0	-0.065158959	-0.391535529	-0.04537856	0	-0.447967841	-1004.045069	337.4110278	-0.453103715	-96.03611111	57.37222222	-0.087072537
10.75	-3.089232776	-0.42702389	2.12232037	1.57021455	-1.645845485	-1.491674734	0	-0.05352343	-0.409570598	-0.040142573	0	-0.45960337	-1006.801431	339.1945555	-0.455933573	-79.82222222	49.26527778	-0.07618847
10.8	-3.089232776	-0.431096325	2.094395102	1.567305668	-1.645845485	-1.523672437	0	-0.041887902	-0.427605667	-0.034906585	0	-0.471238898	-1009.557792	340.9780833	-0.45876343	-63.60833333	41.15833333	-0.065304403
10.85	-3.089232776	-0.432259878	2.079850692	1.566142115	-1.645845485	-1.5393804	0	-0.034906585	-0.431096325	-0.035488361	0	-0.46774824	-1012.526181	342.8988055	-0.461810969	-63.60833333	41.15833333	-0.065304403
10.9	-3.089232776	-0.433423431	2.065306281	1.564978563	-1.645845485	-1.555088364	0	-0.027925268	-0.434586984	-0.036070138	0	-0.464257581	-1015.494569	344.8195278	-0.464858507	-63.60833333	41.15833333	-0.065304403
10.95	-3.089232776	-0.434586984	2.050761871	1.56381501	-1.645845485	-1.570796327	0	-0.020943951	-0.438077642	-0.036651914	0	-0.460766923	-1018.462958	346.74025	-0.467906046	-63.60833333	41.15833333	-0.065304403
11	-3.089232776	-0.434586984	2.021091274	1.562069681	-1.645263708	-1.600466924	0	-0.00814487	-0.444477183	-0.034906585	0.002327106	-0.452622053	-1022.51643	349.9830278	-0.472150832	-73.58611111	52.38333333	-0.07618847
11.05	-3.089232776	-0.434586984	1.991420676	1.560324351	-1.644681932	-1.630137522	0	0.004654212	-0.450876723	-0.033161256	0.004654211	-0.444477183	-1026.569903	353.2258055	-0.476395619	-83.56388889	63.60833333	-0.087072537
11.1	-3.089232776	-0.434586984	1.961750079	1.558579022	-1.644100155	-1.659808119	0	0.017453293	-0.457276264	-0.031415927	0.006981317	-0.436332313	-1030.623375	356.4685833	-0.480640405	-93.54166667	74.83333333	-0.097956604
11.15	-3.089232776	-0.432259878	1.930334153	1.556251916	-1.644100155	-1.68889694	0	0.029670598	-0.464839357	-0.031997703	0.00814487	-0.432259878	-1034.920056	360.1167083	-0.484885191	-95.4125	77.95138889	-0.097956604
11.2	-3.089232776	-0.429932773	1.898918226	1.553924811	-1.644100155	-1.71798576	0	0.041887902	-0.472402451	-0.03257948	0.009308423	-0.428187443	-1039.216736	363.7648333	-0.489129978	-97.28333334	81.06944444	-0.097956604
11.25	-3.089232776	-0.427605667	1.8675023	1.551597705	-1.644100155	-1.747074581	0	0.054105207	-0.479965544	-0.033161256	0.010471976	-0.424115008	-1043.513417	367.4129583	-0.493374764	-99.15416667	84.1875	-0.097956604
11.3	-3.089232776	-0.425278561	1.85121256	1.550434152	-1.643518379	-1.761037215	0	0.060504748	-0.482874426	-0.030252374	0.010471976	-0.421787902	-1048.140611	371.3417083	-0.497946072	-99.15416667	84.1875	-0.097956604
11.35	-3.089232776	-0.422951456	1.834922821	1.5492706	-1.642936602	-1.774999849	0	0.066904288	-0.485783309	-0.027343492	0.010471976	-0.419460797	-1052.767806	375.2704583	-0.50251738	-99.15416667	84.1875	-0.097956604
11.4	-3.089232776	-0.42062435	1.818633081	1.548107047	-1.642354826	-1.788962483	0	0.073303829	-0.488692191	-0.02443461	0.010471976	-0.417133691	-1057.395	379.1992083	-0.507088688	-99.15416667	84.1875	-0.097956604
11.45	-3.089232776	-0.414806586	1.784890049	1.546361718	-1.64177305	-1.816887751	0	0.083194028	-0.499745943	-0.026761716	0.010471976	-0.417133691	-1063.718417	384.2255139	-0.512748403	-114.7444444	94.7888889	-0.108840671
11.5	-3.089232776	-0.408988821	1.751147016	1.544616388	-1.641191273	-1.844813019	0	0.093084227	-0.510799694	-0.029088821	0.010471976	-0.417133691	-1070.041833	389.2518194	-0.518408118	-130.3347222	105.3902778	-0.119724739
11.55	-3.089232776	-0.403171057	1.717403984	1.542871059	-1.640609497	-1.872738287	0	0.102974426	-0.521853446	-0.031415927	0.010471976	-0.417133691	-1076.36525	394.278125	-0.524067833	-145.925	115.9916667	-0.130608806
11.6	-3.089232776	-0.395026187	1.681915623	1.54112573	-1.639445944	-1.900081779	0	0.114028178	-0.531161869	-0.029670598	0.011635529	-0.416551915	-1081.553694	398.0883889	-0.528312619	-137.1944444	106.6375	-0.119724739
11.65	-3.089232776	-0.386881318	1.646427261	1.5393804	-1.638282391	-1.92742527	0	0.12508193	-0.540470291	-0.027925268	0.012799081	-0.415970138	-1086.742139	401.8986528	-0.532557405	-128.4638889	97.28333335	-0.108840671
11.7	-3.089232776	-0.378736448	1.6109389	1.537635071	-1.637118838	-1.954768762	0	0.136135682	-0.549778714	-0.026179939	0.013962634	-0.415388362	-1091.930583	405.7089167	-0.536802191	-119.7333333	87.92916667	-0.097956604
11.75	-3.089232776	-0.374082237	1.592322055	1.536471518	-1.636537062	-1.968731396	0	0.14137167	-0.555596478	-0.027343492	0.01454441	-0.417715468	-1097.081611	410.0741945	-0.541373499	-116.6152778	89.8	-0.097956604
11.8	-3.089232776	-0.369428025	1.573705209	1.535307966	-1.635955285	-1.98269403	0	0.146607657	-0.561414243	-0.028507044	0.015126187	-0.420042573	-1102.232639	414.4394722	-0.545944808	-113.4972222	91.67083334	-0.097956604
11.85	-3.089232776	-0.364773814	1.555088364	1.534144413	-1.635373509	-1.996656664	0	0.151843645	-0.567232007	-0.029670597	0.015707963	-0.422369679	-1107.383667	418.80475	-0.550516116	-110.3791667	93.54166667	-0.097956604
11.9	-3.089232776	-0.353720062	1.516109344	1.532399084	-1.634791733	-2.025163709	0	0.162897397	-0.580031088	-0.028507044	0.01628974	-0.425278561	-1112.166764	422.8582222	-0.554760902	-110.3791667	93.54166667	-0.097956604
11.95	-3.089232776	-0.34266631	1.477130324	1.530653754	-1.634209956	-2.053670753	0	0.173951149	-0.592830169	-0.027343492	0.016871516	-0.428187443	-1116.949861	426.9116945	-0.559005689	-110.3791667	93.54166667	-0.097956604
12	-3.089232776	-0.331612558	1.438151304	1.528908425	-1.63362818	-2.082177798	0	0.185004901	-0.60562925	-0.026179939	0.017453293	-0.431096325	-1121.732958	430.9651667	-0.563250475	-110.3791667	93.54166667	-0.097956604
12.05	-3.089232776	-0.325213017	1.417207353	1.527744872	-1.633046404	-2.096140432	0	0.189659112	-0.614937673	-0.026761715	0.017453293	-0.432259878	-1125.705361	434.6943611	-0.567495261	-104.1430556	91.04722222	-0.097956604
12.1	-3.089232776	-0.318813477	1.396263402	1.526581319	-1.632464627	-2.110103066	0	0.194313324	-0.624246095	-0.027343492	0.017453293	-0.433423431	-1129.677764	438.4235556	-0.571740047	-97.90694445	88.55277778	-0.097956604
12.15	-3.089232776	-0.312413936	1.375319451	1.525417766	-1.631882851	-2.1240657	0	0.198967535	-0.633554518	-0.027925268	0.017453293	-0.434586984	-1133.650167	442.15275	-0.575984833	-91.67083333	86.05833333	-0.097956604
12.2	-3.089232776	-0.297869526	1.33168622	1.523672437	-1.630137522	-2.153736297	0	0.212930169	-0.651007811	-0.027343492	0.019198622	-0.441568301	-1138.277361	445.9941944	-0.580556141	-94.16527778	84.81111111	-0.097956604
12.25	-3.089232776	-0.283325115	1.288052988	1.521927107	-1.628392192	-2.183406895	0	0.226892803	-0.668461103	-0.026761715	0.020943951	-0.448549618	-1142.904556	449.8356389	-0.58512745	-96.65972222	83.56388889	-0.097956604
12.3	-3.089232776	-0.268780705	1.244419757	1.520181778	-1.626646863	-2.213077492	0	0.240855437	-0.685914396	-0.026179939	0.02268928	-0.455530935	-1147.53175	453.6770833	-0.589698758	-99.15416667	82.31666667	-0.097956604
12.35	-3.089232776	-0.251327412	1.195550538	1.519018225	-1.624901534	-2.244493418	0	0.255399847	-0.717912099	-0.026761715	0.02268928	-0.465421134	-1152.071639	457.3252083	-0.593943544	-101.025	82.94027778	-0.097956604
12.4	-3.089232776	-0.23387412	1.146681319	1.517854673	-1.623156204	-2.275909345	0	0.269944258	-0.749909802	-0.027343492	0.02268928	-0.475311333	-1156.611528	460.9733333	-0.59818833	-102.8958334	83.56388889	-0.097956604
12.45	-3.089232776	-0.216420827	1.0978121	1.51669112	-1.621410875	-2.307325271	0	0.284488668	-0.781907505	-0.027925268	0.02268928	-0.485201532	-1161.151417	464.6214583	-0.602433116	-104.7666667	84.1875	-0.097956604
12.5	-3.089232776	-0.206530628	1.071050385	1.515527567	-1.620829099	-2.324196787	0	0.29554242	-0.799942574	-0.025598162	0.025598162	-0.495091731	-1165.691306	468.2695833	-0.606677902	-104.7666667	84.1875	-0.097956604
12.55	-3.089232776	-0.196640429	1.044288669	1.514364014	-1.620247322	-2.341068303	0	0.306596172	-0.817977643	-0.023271057	0.028507045	-0.50498193	-1170.231194	471.9177083	-0.610922689	-104.7666667	84.1875	-0.097956604
12.6	-3.089232776	-0.18675023	1.017526954	1.513200461	-1.619665546	-2.357939819	0	0.317649924	-0.836012712	-0.020943951	0.031415927	-0.514872129	-1174.771083	475.5658333	-0.615167475	-104.7666667	84.1875	-0.097956604
12.65	-3.089232776	-0.16231562	0.95644043	1.511455132	-1.61733844	-2.394591733	0	0.348484074	-0.892445024	-0.02443461	0.033743033	-0.540470291	-1179.223666	479.4945833	-0.619738783	-101.6486111	84.1875	-0.097956604
12.7	-3.089232776	-0.137881011	0.895353906	1.509709803	-1.615011335	-2.431243648	0	0.379318224	-0.948877337	-0.027925268	0.036070138	-0.566068454	-1183.67625	483.4233333	-0.624310091	-98.53055557	84.1875	-0.097956604
12.75	-3.089232776	-0.113446401	0.834267382	1.507964474	-1.612684229	-2.467895562	0	0.410152374	-1.005309649	-0.031415927	0.038397244	-0.591666616	-1188.128833	487.3520833	-0.628881399	-95.4125	84.1875	-0.097956604
12.8	-3.089232776	-0.088430015	0.773180858	1.506800921	-1.610357123	-2.503383924	0	0.33452144	-0.816232313	-0.025016386	0.03257948	-0.478801991	-1191.53375	490.6759305	-0.633126185	-89.8	81.69305556	-0.097956604
12.85	-3.089232776	-0.06341363	0.712094335	1.505637368	-1.608030018	-2.538872285	0	0.258890505	-0.627154978	-0.018616846	0.026761715	-0.365937367	-1194.938666	493.9997778	-0.637370972	-84.1875	79.19861111	-0.097956604
12.9	-3.089232776	-0.038397244	0.651007811	1.504473815	-1.605702912	-2.574360647	0	0.183259571	-0.438077642	-0.012217305	0.020943951	-0.253072742	-1198.343583	497.323625	-0.641615758	-78.575	76.70416667	-0.097956604
12.95	-3.088651	-0.039560797	0.653916693	1.499819604	-1.599885148	-2.573197094	0.01628974	0.042469678	-0.101229096	-0.120427719	0.153007198	-0.059922971	-1201.661194	500.6412361	-0.646187066	-76.08055556	74.83333334	-0.097956604
13	-3.088069223	-0.040724349	0.656825575	1.495165392	-1.594067383	-2.572033541	0.032579479	-0.098320215	0.235619449	-0.228638132	0.285070444	0.133226799	-1204.978806	503.9588472	-0.650758375	-73.58611111	72.9625	-0.097956604
13.05	-3.087487447	-0.041887902	0.659734457	1.490511181	-1.588249619	-2.570869988	0.048869219	-0.239110108	0.572467995	-0.336848546	0.417133691	0.32637657	-1208.296417	507.2764583	-0.655329683	-71.09166667	71.09166667	-0.097956604
13.1	-3.083996788	-0.069231394	0.724893416	1.441641962	-1.535307965	-2.530727415	0.032579479	-0.296705973	0.712676111	-0.524180552	0.570722665	0.444477183	-1211.377056	510.3570972	-0.659574469	-71.09166667	71.09166667	-0.097956604
13.15	-3.08050613	-0.096574885	0.790052374	1.392772743	-1.482366311	-2.490584843	0.01628974	-0.354301838	0.852884228	-0.711512559	0.72431164	0.562577795	-1214.457694	513.4377361	-0.663819255	-71.09166667	71.09166667	-0.097956604
13.2	-3.077015471	-0.123918377	0.855211333	1.343903524	-1.429424657	-2.45044227	0	-0.411897703	0.993092344	-0.898844565	0.877900614	0.680678408	-1217.538333	516.518375	-0.668064041	-71.09166667	71.09166667	-0.097956604
13.25	-3.078179024	-0.136717458	0.886045483	1.312487597	-1.401499389	-2.426589437	-0.020943951	-0.394444411	0.957603983	-0.923279174	0.859283769	0.692895713	-1220.618972	519.436875	-0.672308827	-71.09166667	69.84444445	-0.097956604
13.3	-3.079342577	-0.149516539	0.916879634	1.281071671	-1.373574121	-2.402736603	-0.041887902	-0.376991118	0.922115621	-0.947713784	0.840666923	0.705113018	-1223.699611	522.355375	-0.676553614	-71.09166667	68.59722222	-0.097956604
13.35	-3.08050613	-0.16231562	0.947713784	1.249655744	-1.345648853	-2.37888377	-0.062831853	-0.359537826	0.88662726	-0.972148393	0.822050078	0.717330323	-1226.78025	525.273875	-0.6807984	-71.09166667	67.35	-0.097956604
13.4	-3.089232776	-0.183259571	1.000655438	1.178679021	-1.295616081	-2.325942116	-0.104137979	-0.333357887	0.827867842	-1.027998929	0.781325729	0.772017306	-1230.883611	529.2899306	-0.685369708	-76.70416667	73.58611111	-0.097956604
13.45	-3.097959423	-0.204203523	1.053597092	1.107702299	-1.24558331	-2.273000463	-0.145444104	-0.307177949	0.769108424	-1.083849466	0.740601379	0.826704289	-1234.986972	533.3059861	-0.689941016	-82.31666667	79.82222222	-0.097956604
13.5	-3.106686069	-0.225147474	1.106538746	1.036725576	-1.195550538	-2.220058809	-0.18675023	-0.28099801	0.710349006	-1.139700002	0.69987703	0.881391272	-1239.090333	537.3220417	-0.694512324	-87.92916667	86.05833333	-0.097956604
13.55	-3.113667386	-0.23387412	1.12864625	0.996583003	-1.17402481	-2.189224659	-0.204785299	-0.269944258	0.686496173	-1.176933693	0.670788209	0.912807199	-1241.522416	539.754125	-0.697342182	-77.32777778	76.08055555	-0.087072537
13.6	-3.120648703	-0.242600766	1.150753753	0.95644043	-1.152499083	-2.158390508	-0.222820368	-0.258890506	0.662643339	-1.214167383	0.641699388	0.944223125	-1243.9545	542.1862084	-0.700172039	-66.72638889	66.10277778	-0.07618847
13.65	-3.12763002	-0.251327412	1.172861257	0.916297857	-1.130973355	-2.127556358	-0.240855437	-0.247836754	0.638790506	-1.251401074	0.612610567	0.975639052	-1246.386583	544.6182917	-0.703001897	-56.125	56.125	-0.065304403
13.7	-3.143337983	-0.263544717	1.20485896	0.842412252	-1.103048087	-2.06879694	-0.199549311	-0.189077336	0.486946861	-1.009382084	0.45785804	0.79237948	-1250.277916	548.3474861	-0.707246683	-67.35	66.10277778	-0.07618847
13.75	-3.159045947	-0.275762022	1.236856663	0.768526647	-1.075122819	-2.010037522	-0.158243186	-0.130317917	0.335103216	-0.767363095	0.303105513	0.609119909	-1254.16925	552.0766806	-0.711491469	-78.575	76.08055555	-0.087072537
13.8	-3.17475391	-0.287979327	1.268854366	0.694641042	-1.047197551	-1.951278104	-0.11693706	-0.071558499	0.183259571	-0.525344105	0.148352986	0.425860337	-1258.060583	555.805875	-0.715736255	-89.8	86.05833333	-0.097956604
13.85	-3.176499239	-0.28914288	1.270599695	0.688241502	-1.045452222	-1.946042116	-0.07795804	-0.047705666	0.122173047	-0.350229403	0.098901991	0.283906891	-1261.378194	558.8615694	-0.718783794	-83.56388889	79.19861111	-0.087072537
13.9	-3.178244568	-0.290306432	1.272345025	0.681841961	-1.043706892	-1.940806128	-0.03897902	-0.023852833	0.061086524	-0.175114702	0.049450995	0.141953446	-1264.695806	561.9172639	-0.721831333	-77.32777778	72.33888889	-0.07618847
13.95	-3.179989897	-0.291469985	1.274090354	0.675442421	-1.041961563	-1.93557014	0	0	0	0	0	0	-1268.013417	564.9729583	-0.724878872	-71.09166667	65.47916667	-0.065304403
14	-3.179989897	-0.291469985	1.274090354	0.675442421	-1.041961563	-1.934988364	-0.000581776	0	-0.000581776	-0.001745329	0	0.020943951	-1270.040153	568.1346666	-0.727708729	-62.98472222	67.97361111	-0.065304403
14.05	-3.179989897	-0.291469985	1.274090354	0.675442421	-1.041961563	-1.934406587	-0.001163553	0	-0.001163553	-0.003490659	0	0.041887902	-1272.066889	571.296375	-0.730538587	-54.87777778	70.46805556	-0.065304403
14.1	-3.179989897	-0.291469985	1.274090354	0.675442421	-1.041961563	-1.933824811	-0.001745329	0	-0.001745329	-0.005235988	0	0.062831853	-1274.093625	574.4580833	-0.733368444	-46.77083333	72.9625	-0.065304403
14.15	-3.180571674	-0.290888209	1.272926801	0.673697092	-1.04079801	-1.916953295	-0.011635528	0.005817764	-0.015707963	-0.022107504	0.013380858	0.208275957	-1276.444639	578.7547639	-0.73761323	-49.26527778	81.69305556	-0.07618847
14.2	-3.18115345	-0.290306432	1.271763248	0.671951762	-1.039634458	-1.900081779	-0.021525728	0.011635529	-0.029670597	-0.03897902	0.026761715	0.353720062	-1278.795653	583.0514444	-0.741858017	-51.75972222	90.42361111	-0.087072537
14.25	-3.181735227	-0.289724656	1.270599695	0.670206433	-1.038470905	-1.883210263	-0.031415927	0.017453293	-0.043633231	-0.055850536	0.040142573	0.499164166	-1281.146667	587.348125	-0.746102803	-54.25416667	99.15416667	-0.097956604
14.3	-3.183480556	-0.288561103	1.268854366	0.667879327	-1.036725576	-1.861684536	-0.036651915	0.020362175	-0.048869219	-0.068067841	0.045960337	0.587012405	-1284.115056	592.1499306	-0.749150342	-57.37222222	100.4013889	-0.087072537
14.35	-3.185225885	-0.28739755	1.267109037	0.665552222	-1.034980246	-1.840158808	-0.041887902	0.023271057	-0.054105207	-0.080285145	0.051778101	0.674860644	-1287.083444	596.9517361	-0.75219788	-60.49027778	101.6486111	-0.07618847
14.4	-3.186971214	-0.286233997	1.265363708	0.663225116	-1.033234917	-1.818633081	-0.04712389	0.026179939	-0.059341195	-0.09250245	0.057595865	0.762708883	-1290.051833	601.7535417	-0.755245419	-63.60833333	102.8958333	-0.065304403
14.45	-3.190461873	-0.284488668	1.259545944	0.655662022	-1.028580706	-1.755219451	-0.052359878	0.029670597	-0.068067841	-0.099483767	0.063995406	0.858701992	-1293.294611	607.6716111	-0.759490205	-67.35	114.1208333	-0.07618847
14.5	-3.193952531	-0.282743339	1.253728179	0.648098929	-1.023926494	-1.691805822	-0.057595865	0.033161256	-0.076794487	-0.106465084	0.070394946	0.954695101	-1296.537389	613.5896806	-0.763734991	-71.09166666	125.3458333	-0.087072537
14.55	-3.19744319	-0.28099801	1.247910415	0.640535835	-1.019272283	-1.628392192	-0.062831853	0.036651914	-0.085521133	-0.113446401	0.076794487	1.05068821	-1299.780167	619.50775	-0.767979777	-74.83333333	136.5708333	-0.097956604
14.6	-3.202097401	-0.278670904	1.242092651	0.632390965	-1.014036295	-1.558579022	-0.063413629	0.036070138	-0.084939357	-0.118682389	0.081448698	1.048361104	-1302.66125	623.8730278	-0.771027316	-70.46805555	122.2277778	-0.087072537
14.65	-3.206751613	-0.276343799	1.236274887	0.624246096	-1.008800308	-1.488765852	-0.063995406	0.035488361	-0.08435758	-0.123918377	0.08610291	1.046033999	-1305.542334	628.2383055	-0.774074855	-66.10277778	107.8847222	-0.07618847
14.7	-3.211405824	-0.274016693	1.230457123	0.616101226	-1.00356432	-1.418952682	-0.064577182	0.034906585	-0.083775804	-0.129154365	0.090757121	1.043706893	-1308.423417	632.6035833	-0.777122394	-61.7375	93.54166667	-0.065304403
14.75	-3.213151153	-0.27285314	1.227548241	0.612028791	-1.000655438	-1.384046097	-0.063995406	0.035488361	-0.085521133	-0.124500154	0.087266463	1.045452222	-1310.774431	635.5220833	-0.778537323	-59.24305556	84.81111111	-0.054420336
14.8	-3.214896483	-0.271689587	1.224639358	0.607956356	-0.997746556	-1.349139512	-0.063413629	0.036070138	-0.087266463	-0.119845942	0.083775804	1.047197551	-1313.125444	638.4405833	-0.779952251	-56.74861111	76.08055556	-0.043536268
14.85	-3.216641812	-0.270526034	1.221730476	0.603883921	-0.994837674	-1.314232927	-0.062831853	0.036651914	-0.089011792	-0.115191731	0.080285146	1.04894288	-1315.476458	641.3590833	-0.78136718	-54.25416667	67.35	-0.032652201
14.9	-3.221296023	-0.268198928	1.215912712	0.596320828	-0.989601686	-1.244419757	-0.063413629	0.036070138	-0.089011792	-0.119845942	0.081448699	1.047779327	-1317.746403	644.8450694	-0.784197037	-53.63055556	71.71527778	-0.043536268
14.95	-3.225950235	-0.265871823	1.210094948	0.588757734	-0.984365698	-1.174606587	-0.063995406	0.035488361	-0.089011792	-0.124500154	0.082612251	1.046615775	-1320.016347	648.3310556	-0.787026895	-53.00694444	76.08055555	-0.054420336
15	-3.230604446	-0.263544717	1.204277184	0.581194641	-0.97912971	-1.104793417	-0.064577182	0.034906585	-0.089011792	-0.129154365	0.083775804	1.045452222	-1322.286292	651.8170417	-0.789856752	-52.38333333	80.44583333	-0.065304403
15.05	-3.232349775	-0.262381164	1.201368302	0.577122206	-0.976802604	-1.069886832	-0.064577182	0.035488361	-0.089011792	-0.122754824	0.081448698	1.046615775	-1324.207014	653.9996806	-0.791380522	-48.64166666	69.22083333	-0.054420336
15.1	-3.234095104	-0.261217612	1.19845942	0.573049771	-0.974475499	-1.034980246	-0.064577182	0.036070138	-0.089011792	-0.116355284	0.079121593	1.047779327	-1326.127736	656.1823194	-0.792904291	-44.9	57.99583333	-0.043536268
15.15	-3.235840433	-0.260054059	1.195550538	0.568977336	-0.972148393	-1.000073661	-0.064577182	0.036651914	-0.089011792	-0.109955743	0.076794487	1.04894288	-1328.048458	658.3649583	-0.794428061	-41.15833333	46.77083333	-0.032652201
15.2	-3.240494644	-0.257726953	1.189732774	0.560832466	-0.966912405	-0.930260491	-0.065158959	0.036070138	-0.088430016	-0.113446401	0.078539816	1.04894288	-1331.372305	662.0130833	-0.797257918	-53.00694444	59.24305555	-0.043536268
15.25	-3.245148856	-0.255399848	1.183915009	0.552687597	-0.961676418	-0.860447321	-0.065740735	0.035488361	-0.087848239	-0.11693706	0.080285146	1.04894288	-1334.696153	665.6612083	-0.800087776	-64.85555556	71.71527778	-0.054420336
15.3	-3.249803067	-0.253072742	1.178097245	0.544542727	-0.95644043	-0.790634151	-0.066322512	0.034906585	-0.087266463	-0.120427718	0.082030475	1.04894288	-1338.02	669.3093333	-0.802917633	-76.70416667	84.1875	-0.065304403
15.35	-3.253875502	-0.250745636	1.172279481	0.536397857	-0.951204442	-0.720820981	-0.065740735	0.034906585	-0.08610291	-0.120427718	0.079703369	1.047197551	-1342.316681	674.3356389	-0.807162419	-84.1875	94.7888889	-0.07618847
15.4	-3.257947937	-0.248418531	1.166461717	0.528252987	-0.945968455	-0.651007811	-0.065158959	0.034906585	-0.084939357	-0.120427718	0.077376264	1.045452222	-1346.613361	679.3619444	-0.811407206	-91.67083334	105.3902778	-0.087072537
15.45	-3.262020372	-0.246091425	1.160643953	0.520108117	-0.940732467	-0.581194641	-0.064577182	0.034906585	-0.083775804	-0.120427718	0.075049158	1.043706893	-1350.910042	684.38825	-0.815651992	-99.15416667	115.9916667	-0.097956604
15.5	-3.264347478	-0.244927872	1.157735071	0.516035682	-0.937823585	-0.546288056	-0.063995406	0.034906585	-0.085521133	-0.121591271	0.077376264	1.045452222	-1354.751486	688.8408333	-0.8202233	-93.54166667	109.1319445	-0.097956604
15.55	-3.266674583	-0.243764319	1.154826188	0.511963247	-0.934914703	-0.511381471	-0.063413629	0.034906585	-0.087266463	-0.122754824	0.079703369	1.047197551	-1358.592931	693.2934167	-0.824794608	-87.92916667	102.2722222	-0.097956604
15.6	-3.269001689	-0.242600766	1.151917306	0.507890812	-0.932005821	-0.476474886	-0.062831853	0.034906585	-0.089011792	-0.123918377	0.082030475	1.04894288	-1362.434375	697.746	-0.829365916	-82.31666667	95.4125	-0.097956604
15.65	-3.273074124	-0.24027366	1.146099542	0.499745942	-0.926769833	-0.406661716	-0.062250077	0.035488361	-0.089593568	-0.121591271	0.080285146	1.047197551	-1366.001431	701.8805417	-0.833610702	-82.31666667	95.4125	-0.097956604
15.7	-3.277146559	-0.237946555	1.140281778	0.491601073	-0.921533845	-0.336848546	-0.0616683	0.036070138	-0.090175345	-0.119264166	0.078539816	1.045452222	-1369.568486	706.0150833	-0.837855489	-82.31666667	95.4125	-0.097956604
15.75	-3.281218994	-0.235619449	1.134464014	0.483456203	-0.916297857	-0.267035376	-0.061086524	0.036651914	-0.090757121	-0.11693706	0.076794487	1.043706893	-1373.135542	710.149625	-0.842100275	-82.31666667	95.4125	-0.097956604
15.8	-3.2835461	-0.23387412	1.131555132	0.479383768	-0.913970751	-0.232128791	-0.062250077	0.036651914	-0.090757121	-0.119845942	0.07795804	1.045452222	-1375.810834	714.1220278	-0.846345061	-75.45694445	94.16527778	-0.097956604
15.85	-3.285873205	-0.23212879	1.12864625	0.475311333	-0.911643646	-0.197222205	-0.063413629	0.036651914	-0.090757121	-0.122754824	0.079121593	1.047197551	-1378.486125	718.0944305	-0.850589847	-68.59722222	92.91805555	-0.097956604
15.9	-3.288200311	-0.230383461	1.125737368	0.471238898	-0.90931654	-0.16231562	-0.064577182	0.036651914	-0.090757121	-0.125663706	0.080285146	1.04894288	-1381.161417	722.0668333	-0.854834633	-61.7375	91.67083333	-0.097956604
15.95	-3.292272746	-0.228056355	1.119919604	0.463094028	-0.903498776	-0.09250245	-0.064577182	0.036070138	-0.089593568	-0.123918377	0.078539817	1.047197551	-1384.740945	726.3448055	-0.859405941	-66.72638889	91.67083333	-0.097956604
16	-3.296345181	-0.22572925	1.114101839	0.454949159	-0.897681012	-0.02268928	-0.064577182	0.035488361	-0.088430016	-0.122173047	0.076794487	1.045452222	-1388.320472	730.6227778	-0.86397725	-71.71527778	91.67083333	-0.097956604
16.05	-3.300417616	-0.223402144	1.108284075	0.446804289	-0.891863248	0.04712389	-0.064577182	0.034906585	-0.087266463	-0.120427718	0.075049158	1.043706893	-1391.9	734.90075	-0.868548558	-76.70416667	91.67083333	-0.097956604
16.1	-3.304490051	-0.221075038	1.102466311	0.438659419	-0.88662726	0.11693706	-0.063995406	0.034906585	-0.089593569	-0.121009495	0.076794487	1.045452222	-1394.494222	739.4406389	-0.872793344	-71.09166667	96.03611112	-0.097956604
16.15	-3.308562485	-0.218747933	1.096648546	0.430514549	-0.881391273	0.18675023	-0.063413629	0.034906585	-0.091920674	-0.121591271	0.078539817	1.047197551	-1397.088445	743.9805278	-0.87703813	-65.47916667	100.4013889	-0.097956604
16.2	-3.31263492	-0.216420827	1.090830782	0.422369679	-0.876155285	0.2565634	-0.062831853	0.034906585	-0.09424778	-0.122173048	0.080285146	1.04894288	-1399.682667	748.5204167	-0.881282916	-59.86666667	104.7666667	-0.097956604
16.25	-3.314962026	-0.215257274	1.0879219	0.418297244	-0.873828179	0.291469985	-0.063413629	0.034906585	-0.093666003	-0.122754824	0.078539817	1.047779327	-1403.611417	755.33025	-0.887377994	-67.97361111	118.4861111	-0.108840671
16.3	-3.317289131	-0.214093722	1.085013018	0.414224809	-0.871501073	0.32637657	-0.063995406	0.034906585	-0.093084227	-0.123336601	0.076794487	1.046615775	-1407.540167	762.1400834	-0.893473071	-76.08055556	132.2055556	-0.119724739
16.35	-3.319616237	-0.212930169	1.082104136	0.410152374	-0.869173967	0.361283155	-0.064577182	0.034906585	-0.09250245	-0.123918377	0.075049158	1.045452222	-1411.468917	768.9499167	-0.899568149	-84.1875	145.925	-0.130608806
16.4	-3.323688672	-0.210603063	1.076286372	0.402589281	-0.863937979	0.431096325	-0.063995406	0.035488361	-0.093084227	-0.121009495	0.076794487	1.046033998	-1415.44132	775.4354722	-0.905227864	-86.68194444	147.1722222	-0.130608806
16.45	-3.327761107	-0.208275958	1.070468608	0.395026187	-0.858701992	0.500909495	-0.063413629	0.036070138	-0.093666003	-0.118100613	0.078539817	1.046615775	-1419.413722	781.9210278	-0.910887579	-89.17638889	148.4194445	-0.130608806
16.5	-3.331833542	-0.205948852	1.064650844	0.387463094	-0.853466004	0.570722665	-0.062831853	0.036651914	-0.09424778	-0.115191731	0.080285146	1.047197551	-1423.386125	788.4065833	-0.916547294	-91.67083333	149.6666667	-0.130608806
16.55	-3.334160648	-0.204785299	1.061741962	0.383390659	-0.850557122	0.60562925	-0.063413629	0.036651914	-0.092502451	-0.118100613	0.079121593	1.046615775	-1426.547833	795.1353472	-0.922207009	-85.43472222	151.5375	-0.130608806
16.6	-3.336487753	-0.203621746	1.058833079	0.379318224	-0.84764824	0.640535836	-0.063995406	0.036651914	-0.090757121	-0.121009495	0.07795804	1.046033998	-1429.709542	801.8641111	-0.927866724	-79.19861111	153.4083334	-0.130608806
16.65	-3.338814859	-0.202458193	1.055924197	0.375245789	-0.844739358	0.675442421	-0.064577182	0.036651914	-0.089011792	-0.123918377	0.076794487	1.045452222	-1432.87125	808.592875	-0.933526439	-72.9625	155.2791667	-0.130608806
16.7	-3.342887294	-0.200131087	1.050106433	0.367100919	-0.83950337	0.745255591	-0.063413629	0.036651914	-0.089593568	-0.123336601	0.078539816	1.046033998	-1435.926944	814.0058194	-0.938097747	-70.46805556	142.1833334	-0.119724739
16.75	-3.346959729	-0.197803982	1.044288669	0.35895605	-0.834267383	0.815068761	-0.062250077	0.036651914	-0.090175345	-0.122754824	0.080285146	1.046615775	-1438.982639	819.4187639	-0.942669055	-67.97361111	129.0875	-0.108840671
16.8	-3.351032164	-0.195476876	1.038470905	0.35081118	-0.829031395	0.884881931	-0.061086524	0.036651914	-0.090757121	-0.122173048	0.082030475	1.047197551	-1442.038333	824.8317083	-0.947240363	-65.47916667	115.9916667	-0.097956604
16.85	-3.355686375	-0.19314977	1.032653141	0.34266631	-0.823795407	0.954113325	-0.0616683	0.036070138	-0.089593568	-0.122173048	0.082612251	1.047779327	-1444.794694	829.1283889	-0.951485149	-64.85555556	110.3791667	-0.097956604
16.9	-3.360340587	-0.190822665	1.026835376	0.33452144	-0.818559419	1.023344718	-0.062250077	0.035488361	-0.088430016	-0.122173048	0.083194028	1.048361104	-1447.551056	833.4250694	-0.955729936	-64.23194444	104.7666667	-0.097956604
16.95	-3.364994798	-0.188495559	1.021017612	0.32637657	-0.813323431	1.092576112	-0.062831853	0.034906585	-0.087266463	-0.122173048	0.083775804	1.04894288	-1450.307417	837.72175	-0.959974722	-63.60833333	99.15416667	-0.097956604
17	-3.366740127	-0.187332006	1.01810873	0.322304135	-0.810996325	1.127482697	-0.063413629	0.034906585	-0.088430016	-0.122754824	0.083194028	1.04894288	-1452.7395	842.0995	-0.964219508	-61.11388889	99.77777778	-0.097956604
17.05	-3.368485457	-0.186168454	1.015199848	0.3182317	-0.80866922	1.162389282	-0.063995406	0.034906585	-0.089593568	-0.123336601	0.082612251	1.04894288	-1455.171584	846.47725	-0.968464294	-58.61944444	100.4013889	-0.097956604
17.1	-3.370230786	-0.185004901	1.012290966	0.314159265	-0.806342114	1.197295867	-0.064577182	0.034906585	-0.090757121	-0.123918377	0.082030475	1.04894288	-1457.603667	850.855	-0.97270908	-56.125	101.025	-0.097956604
17.15	-3.374303221	-0.182677795	1.006473202	0.306596172	-0.801106126	1.264781931	-0.0616683	0.033743032	-0.087266463	-0.117518836	0.079703369	1.000073661	-1460.135528	856.0933333	-0.977280388	-55.50138889	104.7666667	-0.097956604
17.2	-3.378375656	-0.18035069	1.000655438	0.299033078	-0.795870139	1.332267996	-0.058759418	0.03257948	-0.083775804	-0.111119296	0.077376264	0.951204442	-1462.667389	861.3316667	-0.981851697	-54.87777778	108.5083333	-0.097956604
17.25	-3.382448091	-0.178023584	0.994837674	0.291469985	-0.790634151	1.39975406	-0.055850536	0.031415927	-0.080285146	-0.104719755	0.075049158	0.902335223	-1465.19925	866.57	-0.986423005	-54.25416667	112.25	-0.097956604
17.3	-3.385356973	-0.176860031	0.991347015	0.286233997	-0.787143493	1.443969068	-0.045378561	0.025598163	-0.063995406	-0.085521133	0.059922971	0.735365391	-1467.550264	871.4341667	-0.990667791	-54.25416667	112.25	-0.097956604
17.35	-3.388265855	-0.175696478	0.987856357	0.28099801	-0.783652834	1.488184075	-0.034906585	0.019780398	-0.047705667	-0.066322512	0.044796784	0.56839556	-1469.901278	876.2983333	-0.994912578	-54.25416667	112.25	-0.097956604
17.4	-3.391174737	-0.174532925	0.984365698	0.275762022	-0.780162176	1.532399083	-0.02443461	0.013962634	-0.031415927	-0.04712389	0.029670597	0.401425728	-1472.252292	881.1625	-0.999157364	-54.25416667	112.25	-0.097956604
17.45	-3.391756513	-0.173951149	0.983783922	0.274598469	-0.779580399	1.541707506	-0.019780399	0.011053752	-0.025598163	-0.037233691	0.023852833	0.321140582	-1473.630472	884.9727639	-1.001987221	-46.77083334	104.1430556	-0.087072537
17.5	-3.39233829	-0.173369372	0.983202145	0.273434916	-0.778998623	1.551015928	-0.015126187	0.00814487	-0.019780398	-0.027343492	0.018035069	0.240855437	-1475.008653	888.7830278	-1.004817079	-39.2875	96.03611111	-0.07618847
17.55	-3.392920066	-0.172787596	0.982620369	0.272271363	-0.778416846	1.560324351	-0.010471976	0.005235988	-0.013962634	-0.017453293	0.012217305	0.160570291	-1476.386833	892.5932917	-1.007646936	-31.80416667	87.92916667	-0.065304403
17.6	-3.392920066	-0.172787596	0.982038593	0.272271363	-0.77783507	1.563233233	-0.006981317	0.003490659	-0.009308423	-0.011635529	0.00814487	0.107046861	-1477.958333	897.2204861	-1.010694475	-32.42777778	91.67083334	-0.065304403
17.65	-3.392920066	-0.172787596	0.981456816	0.272271363	-0.777253293	1.566142116	-0.003490659	0.001745329	-0.004654211	-0.005817764	0.004072435	0.05352343	-1479.529833	901.8476806	-1.013742013	-33.05138889	95.4125	-0.065304403
17.7	-3.392920066	-0.172787596	0.98087504	0.272271363	-0.776671517	1.569050998	0	0	0	0	0	0	-1481.101333	906.474875	-1.016789552	-33.675	99.15416667	-0.065304403
17.75	-3.392920066	-0.172787596	0.98087504	0.272271363	-0.776671517	1.569050998	0	0	0	0.000581776	0	0	-1482.722722	910.4472778	-1.01961941	-34.92222222	96.65972222	-0.065304403
17.8	-3.392920066	-0.172787596	0.98087504	0.272271363	-0.776671517	1.569050998	0	0	0	0.001163553	0	0	-1484.344111	914.4196805	-1.022449267	-36.16944445	94.16527778	-0.065304403
17.85	-3.392920066	-0.172787596	0.98087504	0.272271363	-0.776671517	1.569050998	0	0	0	0.001745329	0	0	-1485.9655	918.3920833	-1.025279125	-37.41666667	91.67083333	-0.065304403
17.9	-3.39059296	-0.171042267	0.976220829	0.282161562	-0.783652834	1.559742575	0.027343492	0.023271057	-0.058177642	0.122754824	-0.080866922	-0.113446401	-1488.759278	924.15425	-1.029850433	-44.9	102.2722222	-0.07618847
17.95	-3.388265855	-0.169296937	0.971566617	0.292051762	-0.790634151	1.550434153	0.054686983	0.046542113	-0.116355283	0.243764319	-0.161733844	-0.226892803	-1491.553055	929.9164166	-1.034421741	-52.38333334	112.8736111	-0.087072537
18	-3.385938749	-0.167551608	0.966912406	0.301941961	-0.797615468	1.54112573	0.082030475	0.06981317	-0.174532925	0.364773814	-0.242600766	-0.340339204	-1494.346833	935.6785833	-1.038993049	-59.86666667	123.475	-0.097956604
18.05	-3.376630326	-0.159406738	0.947132008	0.344411639	-0.825540736	1.502728486	0.119264166	0.103556202	-0.251327412	0.535816081	-0.353720062	-0.49043752	-1497.994958	942.8126944	-1.044652764	-67.97361111	137.1944444	-0.108840671
18.1	-3.367321904	-0.151261869	0.927351609	0.386881318	-0.853466004	1.464331243	0.156497856	0.137299235	-0.328121899	0.706858347	-0.464839357	-0.640535835	-1501.643083	949.9468056	-1.050312479	-76.08055556	150.9138889	-0.119724739
18.15	-3.358013481	-0.143116999	0.907571211	0.429350996	-0.881391272	1.425933999	0.193731547	0.171042267	-0.404916386	0.877900614	-0.575958653	-0.790634151	-1505.291208	957.0809167	-1.055972194	-84.1875	164.6333333	-0.130608806
18.2	-3.351032164	-0.136717458	0.893026801	0.461348699	-0.902335223	1.396845178	0.204785299	0.18035069	-0.42702389	0.927351609	-0.607956356	-0.833685606	-1509.182541	963.4854028	-1.06021698	-86.05833333	159.0208333	-0.119724739
18.25	-3.344050847	-0.130317918	0.87848239	0.493346402	-0.923279174	1.367756357	0.215839051	0.189659112	-0.449131394	0.976802605	-0.639954059	-0.876737061	-1513.073875	969.8898889	-1.064461767	-87.92916667	153.4083333	-0.108840671
18.3	-3.33706953	-0.123918377	0.86393798	0.525344105	-0.944223125	1.338667536	0.226892803	0.198967535	-0.471238898	1.0262536	-0.671951762	-0.919788516	-1516.965208	976.294375	-1.068706553	-89.8	147.7958333	-0.097956604
18.35	-3.321361567	-0.109955743	0.831940277	0.595157275	-0.989601686	1.275835683	0.229219909	0.200131088	-0.471820674	1.030326035	-0.678933079	-0.931424044	-1520.981264	983.366125	-1.073277861	-88.55277778	149.0430555	-0.097956604
18.4	-3.305653603	-0.095993109	0.799942574	0.664970445	-1.034980246	1.21300383	0.231547014	0.20129464	-0.472402451	1.03439847	-0.685914396	-0.943059573	-1524.997319	990.437875	-1.077849169	-87.30555555	150.2902778	-0.097956604
18.45	-3.28994564	-0.082030475	0.767944871	0.734783615	-1.080358807	1.150171977	0.23387412	0.202458193	-0.472984227	1.038470905	-0.692895713	-0.954695101	-1529.013375	997.509625	-1.082420477	-86.05833333	151.5375	-0.097956604
18.5	-3.274237677	-0.068649617	0.735947168	0.804596785	-1.126319144	1.086758348	0.232710567	0.203621746	-0.474729556	1.041961563	-0.689986831	-0.950622666	-1532.742569	1004.319458	-1.086665263	-86.05833333	153.4083333	-0.097956604
18.55	-3.258529713	-0.05526876	0.703949465	0.874409955	-1.172279481	1.023344718	0.231547014	0.204785299	-0.476474886	1.045452222	-0.687077949	-0.946550231	-1536.471764	1011.129292	-1.09091005	-86.05833333	155.2791667	-0.097956604
18.6	-3.24282175	-0.041887902	0.671951762	0.944223125	-1.218239818	0.959931089	0.230383461	0.205948852	-0.478220215	1.04894288	-0.684169067	-0.942477796	-1540.200958	1017.939125	-1.095154836	-86.05833333	157.15	-0.097956604
18.65	-3.235258657	-0.034906585	0.655662022	0.97912971	-1.240929098	0.928515162	0.23212879	0.205367075	-0.478801991	1.049524657	-0.684169067	-0.946550231	-1542.87625	1022.965431	-1.097984693	-77.95138889	143.4305556	-0.087072537
18.7	-3.227695563	-0.027925268	0.639372283	1.014036295	-1.263618379	0.897099236	0.23387412	0.204785299	-0.479383768	1.050106433	-0.684169067	-0.950622666	-1545.551541	1027.991736	-1.100814551	-69.84444444	129.7111111	-0.07618847
18.75	-3.22013247	-0.020943951	0.623082543	1.04894288	-1.286307659	0.865683309	0.235619449	0.204203522	-0.479965544	1.05068821	-0.684169067	-0.954695101	-1548.226833	1033.018042	-1.103644408	-61.7375	115.9916667	-0.065304403
18.8	-3.204424507	-0.007563093	0.59108484	1.11875605	-1.331686219	0.802851456	0.233292343	0.204203522	-0.478220215	1.044288669	-0.684750843	-0.945968455	-1550.671389	1038.780209	-1.108215716	-58.61944444	118.4861111	-0.07618847
18.85	-3.188716543	0.005817764	0.559087137	1.188569221	-1.37706478	0.740019603	0.230965238	0.204203522	-0.476474886	1.037889129	-0.68533262	-0.937241808	-1553.115944	1044.542375	-1.112787025	-55.50138889	120.9805556	-0.087072537
18.9	-3.17300858	0.019198622	0.527089434	1.258382391	-1.42244334	0.67718775	0.228638132	0.204203522	-0.474729557	1.031489588	-0.685914396	-0.928515162	-1555.5605	1050.304542	-1.117358333	-52.38333333	123.475	-0.097956604
18.95	-3.160209499	0.03083415	0.499745942	1.317141809	-1.46142236	0.62366432	0.201876417	0.180932465	-0.42062435	0.909898317	-0.607956356	-0.82321363	-1558.073653	1055.00657	-1.121603119	-54.25416666	118.4861111	-0.097956604
19	-3.147410418	0.042469679	0.472402451	1.375901227	-1.50040138	0.570140889	0.175114701	0.157661409	-0.366519143	0.788307045	-0.529998316	-0.717912099	-1560.586805	1059.708597	-1.125847905	-56.125	113.4972222	-0.097956604
19.05	-3.134611337	0.054105207	0.445058959	1.434660645	-1.5393804	0.516617459	0.148352986	0.134390352	-0.312413936	0.666715774	-0.452040276	-0.612610567	-1563.099958	1064.410625	-1.130092691	-57.99583333	108.5083333	-0.097956604
19.1	-3.128211796	0.059341195	0.432841654	1.462004137	-1.557415469	0.492182849	0.111119295	0.100065544	-0.23387412	0.499745942	-0.337430322	-0.458439817	-1564.640278	1067.491264	-1.132922549	-50.5125	96.03611109	-0.087072537
19.15	-3.121812256	0.064577182	0.42062435	1.489347628	-1.575450538	0.46774824	0.073885605	0.065740735	-0.155334303	0.332776111	-0.222820368	-0.304269066	-1566.180597	1070.571903	-1.135752406	-43.02916666	83.56388888	-0.07618847
19.2	-3.115412715	0.06981317	0.408407045	1.51669112	-1.593485607	0.44331363	0.036651914	0.031415927	-0.076794487	0.165806279	-0.108210414	-0.150098316	-1567.720917	1073.652542	-1.138582264	-35.54583333	71.09166667	-0.065304403
19.25	-3.114830939	0.070394946	0.406661716	1.519600002	-1.595230936	0.440986524	0.026179939	0.022107504	-0.054686983	0.118100613	-0.077376264	-0.108210414	-1570.951222	1079.676625	-1.143153572	-46.77083333	90.42361111	-0.07618847
19.3	-3.114249162	0.070976723	0.404916386	1.522508884	-1.596976266	0.438659419	0.015707963	0.012799082	-0.03257948	0.070394946	-0.046542113	-0.066322512	-1574.181528	1085.700709	-1.14772488	-57.99583333	109.7555556	-0.087072537
19.35	-3.113667386	0.071558499	0.403171057	1.525417766	-1.598721595	0.436332313	0.005235988	0.003490659	-0.010471976	0.02268928	-0.015707963	-0.02443461	-1577.411833	1091.724792	-1.152296188	-69.22083333	129.0875	-0.097956604
19.4	-3.113667386	0.071558499	0.403752833	1.525417766	-1.598721595	0.435750537	0.003490659	-0.013380857	0.026179938	0.015126187	-0.010471975	-0.002908882	-1579.843916	1095.535056	-1.155126046	-64.85555555	115.3680556	-0.087072537
19.45	-3.113667386	0.071558499	0.40433461	1.525417766	-1.598721595	0.43516876	0.001745329	-0.030252374	0.062831853	0.007563093	-0.005235988	0.018616845	-1582.276	1099.345319	-1.157955903	-60.49027778	101.6486111	-0.07618847
19.5	-3.113667386	0.071558499	0.404916386	1.525417766	-1.598721595	0.434586984	0	-0.04712389	0.099483767	0	0	0.040142573	-1584.708083	1103.155583	-1.160785761	-56.125	87.92916667	-0.065304403
19.55	-3.113667386	0.043633231	0.468911792	1.526581319	-1.600466924	0.470657122	0	-0.23387412	0.535234304	0.012217305	-0.012217305	0.292633538	-1587.676472	1107.608166	-1.16230953	-58.61944444	90.42361111	-0.054420336
19.6	-3.113667386	0.015707963	0.532907198	1.527744872	-1.602212254	0.506727259	0	-0.42062435	0.97098484	0.024434609	-0.024434609	0.545124503	-1590.644861	1112.06075	-1.1638333	-61.11388889	92.91805556	-0.043536268
19.65	-3.113667386	-0.012217305	0.596902604	1.528908425	-1.603957583	0.542797397	0	-0.60737458	1.406735377	0.036651914	-0.036651914	0.797615468	-1593.61325	1116.513333	-1.165357069	-63.60833333	95.4125	-0.032652201
19.7	-3.113667386	-0.045378561	0.674860644	1.530653754	-1.605121136	0.588757734	0	-0.542797398	1.27467213	0.032579479	-0.031997703	0.731874733	-1596.288542	1122.188194	-1.168186926	-62.98472222	107.2611111	-0.043536268
19.75	-3.113667386	-0.078539816	0.752818684	1.532399084	-1.606284688	0.634718071	0	-0.478220215	1.142608884	0.028507045	-0.027343491	0.666133998	-1598.963833	1127.863056	-1.171016784	-62.36111111	119.1097222	-0.054420336
19.8	-3.113667386	-0.111701072	0.830776724	1.534144413	-1.607448241	0.680678408	0	-0.413643033	1.010545637	0.02443461	-0.02268928	0.600393263	-1601.639125	1133.537917	-1.173846641	-61.7375	130.9583333	-0.065304403
19.85	-3.113667386	-0.135553905	0.891863248	1.535889742	-1.608611794	0.717330322	0	-0.383390659	0.954113324	0.026761716	-0.019198622	0.573049771	-1604.395486	1138.483153	-1.17526157	-62.36111111	125.3458333	-0.054420336
19.9	-3.113667386	-0.159406738	0.952949771	1.537635071	-1.609775347	0.753982237	0	-0.353138286	0.897681012	0.029088821	-0.015707963	0.54570628	-1607.151847	1143.428389	-1.176676498	-62.98472222	119.7333333	-0.043536268
19.95	-3.113667386	-0.183259571	1.014036295	1.5393804	-1.6109389	0.790634151	0	-0.322885912	0.841248699	0.031415927	-0.012217305	0.518362788	-1609.908208	1148.373625	-1.178091427	-63.60833333	114.1208333	-0.032652201
20	-3.113667386	-0.193731547	1.041379787	1.539962177	-1.611520676	0.807505667	0	-0.312413936	0.820886525	0.029670598	-0.012217305	0.508472589	-1612.963903	1155.183458	-1.181138966	-64.23194444	124.7222222	-0.043536268
20.05	-3.113667386	-0.204203522	1.068723278	1.540543953	-1.612102453	0.824377183	0	-0.301941961	0.80052435	0.027925268	-0.012217305	0.49858239	-1616.019597	1161.993292	-1.184186505	-64.85555556	135.3236111	-0.054420336
20.1	-3.113667386	-0.214675498	1.09606677	1.54112573	-1.612684229	0.841248699	0	-0.291469985	0.780162176	0.026179939	-0.012217305	0.488692191	-1619.075292	1168.803125	-1.187234044	-65.47916667	145.925	-0.065304403
20.15	-3.113667386	-0.232128791	1.144935989	1.542871059	-1.613266005	0.872664626	0	-0.274016693	0.748746249	0.023852833	-0.011053752	0.480547321	-1620.615611	1173.505153	-1.190063901	-55.50138889	133.4527778	-0.065304403
20.2	-3.113667386	-0.249582083	1.193805208	1.544616388	-1.613847782	0.904080552	0	-0.2565634	0.717330323	0.021525728	-0.009890199	0.472402451	-1622.155931	1178.20718	-1.192893759	-45.52361111	120.9805555	-0.065304403
20.25	-3.113667386	-0.267035376	1.242674427	1.546361717	-1.614429558	0.935496479	0	-0.239110108	0.685914396	0.019198622	-0.008726646	0.464257581	-1623.69625	1182.909208	-1.195723616	-35.54583333	108.5083333	-0.065304403
20.3	-3.113667386	-0.274598469	1.265363707	1.546943494	-1.615011334	0.950622666	0	-0.232710567	0.67718775	0.018616846	-0.008726646	0.458439817	-1626.695819	1187.854444	-1.197138545	-46.77083333	110.3791666	-0.054420336
20.35	-3.113667386	-0.282161563	1.288052988	1.54752527	-1.615593111	0.965748853	0	-0.226311027	0.668461103	0.018035069	-0.008726646	0.452622053	-1629.695389	1192.799681	-1.198553473	-57.99583333	112.25	-0.043536268
20.4	-3.113667386	-0.289724656	1.310742268	1.548107047	-1.616174887	0.98087504	0	-0.219911486	0.659734457	0.017453293	-0.008726646	0.446804289	-1632.694958	1197.744917	-1.199968402	-69.22083333	114.1208333	-0.032652201
20.45	-3.113667386	-0.303105514	1.353211947	1.549852376	-1.616174887	1.009963861	0	-0.208275958	0.641699388	0.018616846	-0.00639954	0.440986525	-1634.179153	1202.546722	-1.203015941	-56.74861111	110.3791666	-0.043536268
20.5	-3.113667386	-0.316486371	1.395681625	1.551597705	-1.616174887	1.039052681	0	-0.196640429	0.623664319	0.019780398	-0.004072435	0.43516876	-1635.663347	1207.348528	-1.20606348	-44.27638889	106.6375	-0.054420336
20.55	-3.113667386	-0.329867229	1.438151304	1.553343034	-1.616174887	1.068141502	0	-0.185004901	0.60562925	0.020943951	-0.001745329	0.429350996	-1637.147542	1212.150333	-1.209111019	-31.80416667	102.8958333	-0.065304403
20.6	-3.113667386	-0.335684993	1.457931702	1.553924811	-1.616756664	1.082104136	0	-0.179768913	0.598647933	0.020943951	-0.001745329	0.426442114	-1638.525722	1217.176639	-1.210525948	-31.80416667	107.2611111	-0.054420336
20.65	-3.113667386	-0.341502757	1.4777121	1.554506587	-1.61733844	1.09606677	0	-0.174532925	0.591666616	0.020943951	-0.001745329	0.423533232	-1639.903903	1222.202944	-1.211940876	-31.80416667	111.6263889	-0.043536268
20.7	-3.113667386	-0.347320521	1.497492498	1.555088364	-1.617920217	1.110029404	0	-0.169296937	0.584685299	0.020943951	-0.001745329	0.42062435	-1641.282083	1227.22925	-1.213355805	-31.80416667	115.9916667	-0.032652201
20.75	-3.113667386	-0.35721072	1.535307965	1.556251917	-1.617920217	1.137954672	0	-0.157661409	0.571886218	0.020362175	-0.001163553	0.418879021	-1642.660264	1232.255556	-1.214770734	-31.80416667	115.9916667	-0.032652201
20.8	-3.113667386	-0.367100919	1.573123433	1.557415469	-1.617920217	1.16587994	0	-0.14602588	0.559087137	0.019780398	-0.000581776	0.417133691	-1644.038444	1237.281861	-1.216185662	-31.80416667	115.9916667	-0.032652201
20.85	-3.113667386	-0.376991118	1.6109389	1.558579022	-1.617920217	1.193805208	0	-0.134390352	0.546288056	0.019198622	0	0.415388362	-1645.416625	1242.308167	-1.217600591	-31.80416667	115.9916667	-0.032652201
20.9	-3.113667386	-0.381063553	1.628973969	1.559160798	-1.617920217	1.207767842	0	-0.129154364	0.543379174	0.020943951	0	0.414224809	-1645.416625	1247.633806	-1.22064813	-21.20277778	115.3680556	-0.043536268
20.95	-3.113667386	-0.385135988	1.647009037	1.559742575	-1.617920217	1.221730476	0	-0.123918377	0.540470292	0.022689281	0	0.413061256	-1645.416625	1252.959444	-1.223695668	-10.60138889	114.7444444	-0.054420336
21	-3.113667386	-0.389208423	1.665044106	1.560324351	-1.617920217	1.23569311	0	-0.118682389	0.53756141	0.02443461	0	0.411897703	-1645.416625	1258.285083	-1.226743207	0	114.1208333	-0.065304403
21.05	-3.113667386	-0.39618974	1.699950691	1.56206968	-1.617920217	1.263036602	0	-0.10879219	0.527089434	0.023271057	0	0.414224809	-1646.875875	1263.635666	-1.228158136	-11.225	117.2388889	-0.054420336
21.1	-3.113667386	-0.403171057	1.734857277	1.56381501	-1.617920217	1.290380093	0	-0.098901991	0.516617459	0.022107504	0	0.416551914	-1648.335125	1268.98625	-1.229573065	-22.45	120.3569444	-0.043536268
21.15	-3.113667386	-0.410152374	1.769763862	1.565560339	-1.617920217	1.317723585	0	-0.089011792	0.506145483	0.020943951	0	0.41887902	-1649.794375	1274.336833	-1.230987994	-33.675	123.475	-0.032652201
21.2	-3.113667386	-0.413061256	1.786053602	1.566142115	-1.617920217	1.331686219	0	-0.083194028	0.502654825	0.021525727	0	0.420624349	-1651.278569	1278.003666	-1.232511763	-33.05138889	108.5083333	-0.032652201
21.25	-3.113667386	-0.415970138	1.802343341	1.566723892	-1.617920217	1.345648853	0	-0.077376263	0.499164166	0.022107504	0	0.422369679	-1652.762764	1281.6705	-1.234035533	-32.42777778	93.54166667	-0.032652201
21.3	-3.113667386	-0.41887902	1.818633081	1.567305668	-1.617920217	1.359611487	0	-0.071558499	0.495673508	0.02268928	0	0.424115008	-1654.246958	1285.337333	-1.235559302	-31.80416667	78.575	-0.032652201
21.35	-3.113667386	-0.422369679	1.850630784	1.568469221	-1.617920217	1.388118532	0	-0.059922971	0.486946862	0.022107504	0.000581776	0.428187443	-1655.625139	1288.74225	-1.236974231	-31.80416667	78.575	-0.032652201
21.4	-3.113667386	-0.425860337	1.882628486	1.569632774	-1.617920217	1.416625576	0	-0.048287442	0.478220215	0.021525727	0.001163553	0.432259878	-1657.003319	1292.147166	-1.238389159	-31.80416667	78.575	-0.032652201
21.45	-3.113667386	-0.429350996	1.914626189	1.570796327	-1.617920217	1.445132621	0	-0.036651914	0.469493569	0.020943951	0.001745329	0.436332313	-1658.3815	1295.552083	-1.239804088	-31.80416667	78.575	-0.032652201
21.5	-3.113667386	-0.430514549	1.930334152	1.571378103	-1.61733844	1.459677031	0	-0.03083415	0.466584687	0.021525727	0.002327106	0.437495866	-1660.165028	1299.767694	-1.239804088	-34.92222222	84.81111111	-0.021768134
21.55	-3.113667386	-0.431678101	1.946042116	1.57195988	-1.616756664	1.474221442	0	-0.025016386	0.463675805	0.022107504	0.002908882	0.438659419	-1661.948555	1303.983306	-1.239804088	-38.04027778	91.04722222	-0.010884067
21.6	-3.113667386	-0.432841654	1.961750079	1.572541656	-1.616174887	1.488765852	0	-0.019198622	0.460766923	0.02268928	0.003490659	0.439822972	-1663.732083	1308.198917	-1.239804088	-41.15833333	97.28333333	0
21.65	-3.113667386	-0.432841654	1.991420676	1.574286985	-1.616174887	1.519018226	0	-0.006981317	0.452622053	0.022107504	0.004072435	0.44505896	-1664.168611	1310.905389	-1.239804088	-30.55694444	84.1875	0
21.7	-3.113667386	-0.432841654	2.021091274	1.576032315	-1.616174887	1.549270599	0	0.005235988	0.444477183	0.021525727	0.004654212	0.450294947	-1664.605139	1313.611861	-1.239804088	-19.95555555	71.09166666	0
21.75	-3.113667386	-0.432841654	2.050761871	1.577777644	-1.616174887	1.579522973	0	0.017453293	0.436332313	0.020943951	0.005235988	0.455530935	-1665.041667	1316.318333	-1.239804088	-9.354166667	57.99583333	0
21.8	-3.113667386	-0.431678101	2.065306281	1.57835942	-1.615593111	1.59464916	0	0.026179939	0.433423431	0.019198622	0.005817764	0.460185146	-1666.176639	1320.290736	-1.239804088	-14.96666667	69.22083333	0
21.85	-3.113667386	-0.430514549	2.079850692	1.578941197	-1.615011334	1.609775347	0	0.034906585	0.430514549	0.017453292	0.006399541	0.464839358	-1667.311611	1324.263139	-1.239804088	-20.57916667	80.44583333	0
21.9	-3.113667386	-0.429350996	2.094395102	1.579522973	-1.614429558	1.624901534	0	0.043633231	0.427605667	0.015707963	0.006981317	0.469493569	-1668.446583	1328.235542	-1.239804088	-26.19166667	91.67083333	0
21.95	-3.113667386	-0.425278561	2.121738594	1.580686526	-1.613847782	1.656899237	0	0.059922971	0.421206126	0.017453292	0.00814487	0.480547321	-1669.824764	1334.153611	-1.241219017	-28.0625	106.6375	-0.010884067
22	-3.113667386	-0.421206126	2.149082085	1.581850079	-1.613266005	1.688896939	0	0.07621271	0.414806586	0.019198622	0.009308423	0.491601073	-1671.202944	1340.071681	-1.242633945	-29.93333334	121.6041666	-0.021768134
22.05	-3.113667386	-0.417133691	2.176425577	1.583013632	-1.612684229	1.720894642	0	0.09250245	0.408407045	0.020943951	0.010471976	0.502654825	-1672.581125	1345.98975	-1.244048874	-31.80416667	136.5708333	-0.032652201
22.1	-3.113667386	-0.413643033	2.189806435	1.584177185	-1.612684229	1.737766158	0	0.101229096	0.40433461	0.020362175	0.010471976	0.504400154	-1674.676458	1350.70425	-1.245572643	-36.16944445	124.7222222	-0.032652201
22.15	-3.113667386	-0.410152374	2.203187292	1.585340737	-1.612684229	1.754637675	0	0.109955743	0.400262175	0.019780398	0.010471976	0.506145483	-1676.771792	1355.41875	-1.247096413	-40.53472222	112.8736111	-0.032652201
22.2	-3.113667386	-0.406661716	2.21656815	1.58650429	-1.612684229	1.771509191	0	0.118682389	0.39618974	0.019198622	0.010471976	0.507890812	-1678.867125	1360.13325	-1.248620182	-44.9	101.025	-0.032652201
22.25	-3.113667386	-0.396771517	2.242166312	1.587667843	-1.611520676	1.807579329	0	0.13962634	0.38804487	0.020362175	0.011635529	0.525925881	-1680.812792	1364.511	-1.250035111	-44.9	101.025	-0.032652201
22.3	-3.113667386	-0.386881317	2.267764475	1.588831396	-1.610357123	1.843649466	0	0.160570291	0.379900001	0.021525727	0.012799081	0.54396095	-1682.758458	1368.88875	-1.25145004	-44.9	101.025	-0.032652201
22.35	-3.113667386	-0.376991118	2.293362637	1.589994949	-1.60919357	1.879719604	0	0.181514242	0.371755131	0.02268928	0.013962634	0.561996019	-1684.704125	1373.2665	-1.252864969	-44.9	101.025	-0.032652201
22.4	-3.113667386	-0.362446708	2.317797247	1.591158502	-1.608030017	1.918116848	0	0.205948852	0.364773814	0.023852833	0.01454441	0.5747951	-1685.920167	1376.185	-1.254279898	-39.2875	89.8	-0.032652201
22.45	-3.113667386	-0.347902297	2.342231856	1.592322054	-1.606866465	1.956514091	0	0.230383461	0.357792497	0.025016386	0.015126187	0.587594182	-1687.136208	1379.1035	-1.255694826	-33.675	78.575	-0.032652201
22.5	-3.113667386	-0.333357887	2.366666466	1.593485607	-1.605702912	1.994911335	0	0.254818071	0.35081118	0.026179939	0.015707963	0.600393263	-1688.35225	1382.022	-1.257109755	-28.0625	67.35	-0.032652201
22.55	-3.113667386	-0.324049464	2.377720218	1.594067383	-1.605121136	2.01527351	0	0.268780705	0.345575192	0.02443461	0.01628974	0.609119909	-1689.574528	1386.038056	-1.258633524	-27.43888889	73.58611111	-0.032652201
22.6	-3.113667386	-0.314741042	2.388773969	1.59464916	-1.604539359	2.035635684	0	0.282743339	0.340339204	0.02268928	0.016871516	0.617846555	-1690.796805	1390.054111	-1.260157294	-26.81527778	79.82222222	-0.032652201
22.65	-3.113667386	-0.305432619	2.399827721	1.595230936	-1.603957583	2.055997859	0	0.296705973	0.335103216	0.020943951	0.017453293	0.626573201	-1692.019083	1394.070167	-1.261681063	-26.19166667	86.05833333	-0.032652201
22.7	-3.113667386	-0.282743339	2.421353449	1.596976265	-1.60279403	2.100212867	0	0.327540123	0.323467688	0.019198622	0.020943951	0.648098929	-1692.991916	1398.934334	-1.263095992	-24.94444445	94.78888889	-0.032652201
22.75	-3.113667386	-0.260054058	2.442879176	1.598721595	-1.601630477	2.144427874	0	0.358374273	0.311832159	0.017453292	0.02443461	0.669624656	-1693.96475	1403.7985	-1.26451092	-23.69722222	103.5194444	-0.032652201
22.8	-3.113667386	-0.237364778	2.464404904	1.600466924	-1.600466924	2.188642882	0	0.389208423	0.300196631	0.015707963	0.027925268	0.691150384	-1694.937583	1408.662667	-1.265925849	-22.45	112.25	-0.032652201
22.85	-3.113667386	-0.223402144	2.473713327	1.6010487	-1.599885148	2.211913939	0	0.406079939	0.29554242	0.015126187	0.027925268	0.701040583	-1695.897944	1416.25825	-1.267449618	-21.82638889	129.0875	-0.032652201
22.9	-3.113667386	-0.20943951	2.483021749	1.601630477	-1.599303371	2.235184995	0	0.422951456	0.290888208	0.01454441	0.027925268	0.710930782	-1696.858306	1423.853834	-1.268973388	-21.20277778	145.925	-0.032652201
22.95	-3.113667386	-0.195476876	2.492330172	1.602212253	-1.598721595	2.258456052	0	0.439822972	0.286233997	0.013962634	0.027925268	0.720820981	-1697.818667	1431.449417	-1.270497157	-20.57916667	162.7625	-0.032652201
23	-3.113667386	-0.16231562	2.509783464	1.60279403	-1.596394489	2.3090706	0	0.47589311	0.27110781	0.015126187	0.029088821	0.744092038	-1699.440056	1440.853472	-1.271912086	-26.19166667	180.8472222	-0.032652201
23.05	-3.113667386	-0.129154365	2.527236757	1.603375806	-1.594067384	2.359685149	0	0.511963247	0.255981624	0.01628974	0.030252374	0.767363094	-1701.061444	1450.257528	-1.273327015	-31.80416667	198.9319445	-0.032652201
23.1	-3.113667386	-0.095993109	2.544690049	1.603957583	-1.591740278	2.410299697	0	0.548033385	0.240855437	0.017453293	0.031415927	0.790634151	-1702.682833	1459.661583	-1.274741944	-37.41666667	217.0166667	-0.032652201
23.15	-3.113667386	-0.076794487	2.552834919	1.604539359	-1.591158502	2.437061412	0	0.567813783	0.23387412	0.01628974	0.034324809	0.798779021	-1704.142083	1466.309278	-1.274741944	-36.16944445	195.8138889	-0.021768134
23.2	-3.113667386	-0.057595866	2.560979789	1.605121136	-1.590576725	2.463823128	0	0.587594182	0.226892803	0.015126187	0.037233691	0.806923891	-1705.601333	1472.956972	-1.274741944	-34.92222222	174.6111111	-0.010884067
23.25	-3.113667386	-0.038397244	2.569124659	1.605702912	-1.589994949	2.490584843	0	0.60737458	0.219911486	0.013962634	0.040142573	0.815068761	-1707.060583	1479.604667	-1.274741944	-33.675	153.4083333	0
23.3	-3.113667386	0.005817764	2.581341964	1.606284688	-1.587667843	2.547017155	0	0.642281165	0.199549311	0.011053752	0.037233691	0.831940277	-1707.846333	1486.4145	-1.274741944	-28.0625	150.9138889	0
23.35	-3.113667386	0.050032772	2.593559268	1.606866465	-1.585340738	2.603449468	0	0.67718775	0.179187137	0.00814487	0.034324809	0.848811793	-1708.632083	1493.224334	-1.274741944	-22.45	148.4194444	0
23.4	-3.113667386	0.09424778	2.605776573	1.607448241	-1.583013632	2.65988178	0	0.712094335	0.158824962	0.005235988	0.031415927	0.865683309	-1709.417833	1500.034167	-1.274741944	-16.8375	145.925	0
23.45	-3.113667386	0.144862328	2.614503219	1.608030017	-1.580686526	2.719222975	0	0.73885605	0.136135682	0.004654212	0.034906585	0.871501073	-1710.796014	1505.546889	-1.274741944	-21.82638889	139.6888889	0
23.5	-3.113667386	0.195476877	2.623229866	1.608611794	-1.578359421	2.778564169	0	0.765617765	0.113446401	0.004072435	0.038397244	0.877318838	-1712.174194	1511.059611	-1.274741944	-26.81527778	133.4527778	0
23.55	-3.113667386	0.246091425	2.631956512	1.60919357	-1.576032315	2.837905364	0	0.79237948	0.090757121	0.003490659	0.041887902	0.883136602	-1713.552375	1516.572333	-1.274741944	-31.80416667	127.2166667	0
23.6	-3.113667386	0.267617152	2.633701841	1.60919357	-1.574868762	2.861758197	0	0.679514855	0.073303829	0.002327106	0.033743032	0.752236908	-1714.282	1521.274361	-1.274741944	-26.81527778	120.9805556	0
23.65	-3.113667386	0.28914288	2.635447171	1.60919357	-1.573705209	2.88561103	0	0.566650231	0.055850536	0.001163553	0.025598163	0.621337214	-1715.011625	1525.976389	-1.274741944	-21.82638889	114.7444444	0
23.7	-3.113667386	0.310668607	2.6371925	1.60919357	-1.572541656	2.909463863	0	0.453785606	0.038397244	0	0.017453293	0.49043752	-1715.74125	1530.678417	-1.274741944	-16.8375	108.5083333	0
23.75	-3.113667386	0.301360184	2.636610724	1.60919357	-1.573123432	2.899573664	0	0.081448699	0.004654212	0	0.000581777	0.082030475	-1716.527	1535.742139	-1.274741944	-16.8375	108.5083333	0
23.8	-3.113667386	0.292051762	2.636028947	1.60919357	-1.573705209	2.889683465	0	-0.290888209	-0.029088821	0	-0.01628974	-0.32637657	-1717.31275	1540.805861	-1.274741944	-16.8375	108.5083333	0
23.85	-3.113667386	0.282743339	2.635447171	1.60919357	-1.574286985	2.879793266	0	-0.663225116	-0.062831853	0	-0.033161256	-0.734783615	-1718.0985	1545.869583	-1.274741944	-16.8375	108.5083333	0
23.9	-3.113667386	0.257145177	2.632538289	1.60919357	-1.575450538	2.851286221	0	-0.703949465	-0.078539816	-0.001163553	-0.033161256	-0.788307045	-1719.476681	1550.571611	-1.274741944	-21.82638889	108.5083333	0
23.95	-3.113667386	0.231547014	2.629629406	1.60919357	-1.576614091	2.822779177	0	-0.744673814	-0.09424778	-0.002327106	-0.033161256	-0.841830476	-1720.854861	1555.273639	-1.274741944	-26.81527778	108.5083333	0
24	-3.113667386	0.205948852	2.626720524	1.60919357	-1.577777644	2.794272132	0	-0.785398163	-0.109955743	-0.003490659	-0.033161256	-0.895353906	-1722.233042	1559.975667	-1.274741944	-31.80416667	108.5083333	0